% 1     Time (ms)
% 2     Arm state (init, disarmed, armed, fail)
% 3     Flight state (on ground, starting, flight, landing)
% 4     Pitch angle ref (deg)
% 5     Pitch angle rate ref (deg/s)
% 6     Pitch angle rate (gyro) (deg/s)
% 7     Pitch value to mixer o/oo
% 8     Pitch angle (deg)
%% 
19.47 2 0 0 -11.09168 -3.58598 -59.9348 2.642
39.47 2 0 0 -15.38755 -1.88423 -79.6597 2.584
59.46 2 0 0 -9.94025 -1.17083 -8.60747 2.585
79.47 2 0 0 -11.32480 -0.89270 -47.5788 2.570
99.50 2 0 0 -10.06186 -0.60400 -36.5208 2.517
119.49 2 0 0 -13.27996 -0.60911 -107.851 2.487
139.44 2 0 0 -15.29417 -0.64752 -129.668 2.464
159.45 2 0 0 -13.32900 -0.89161 -111.542 2.493
179.45 2 0 0 -11.77969 -1.03617 -77.8006 2.474
199.48 2 0 0 -7.11363 -1.23779 -57.8447 2.470
219.45 2 0 0 -6.95170 -1.52242 -49.6394 2.494
239.44 2 0 0 -6.06787 -1.65437 -39.4551 2.538
259.46 2 0 0 -7.06337 -1.75371 -64.1996 2.611
279.46 2 0 0 -8.06157 -1.47753 -90.2104 2.615
299.45 2 0 0 -8.59742 -1.39013 -125.23 2.725
319.47 2 0 0 -8.52745 -0.97991 -116.795 2.877
339.47 2 0 0 -11.58122 -0.44530 -191.821 3.020
359.46 2 0 0 -15.40631 0.15855 -210.032 3.175
379.48 2 0 0 -15.17277 0.67680 -202.517 3.299
399.45 2 0 0 -8.90747 0.95853 -118.945 3.453
419.48 2 0 0 -0.93155 1.03137 -27.8161 3.615
439.46 2 0 0 -1.59615 0.94495 -45.1937 3.786
459.48 2 0 0 -6.58612 0.95237 -127.71 3.932
479.49 2 0 0 -5.59645 0.94994 -92.7855 4.025
499.49 2 0 0 -7.82425 0.72331 -109.488 4.195
519.44 2 0 0 -10.70466 0.36916 -136.369 4.420
539.59 2 0 0 -10.65241 0.06348 -159.301 4.639
559.53 2 0 0 -4.27591 -0.48981 -74.3712 4.898
579.49 2 0 0 -8.18057 -0.61737 -116.523 5.096
599.45 2 0 0 -5.07195 -0.59165 -42.0581 5.291
619.46 2 0 0 0.24491 -0.72100 22.3782 5.475
639.45 2 0 0 -0.01454 -0.52983 -16.9426 5.736
659.48 2 0 0 -3.69655 -0.21394 -90.122 5.976
679.49 2 0 0 -12.91146 0.06509 -215.591 6.252
699.45 2 0 0 -14.75307 -0.29601 -225.378 6.514
719.45 2 0 0 -11.66705 -0.06960 -158.979 6.740
739.45 2 0 0 -10.58810 -0.03526 -125.874 6.925
759.48 2 0 0 -12.81335 -0.44269 -153.73 7.155
779.45 2 0 0 -21.85073 -0.61040 -240.927 7.376
799.49 2 0 0 -23.44485 -0.70717 -242.847 7.592
819.48 2 0 0 -21.84304 -0.90673 -188.054 7.775
839.48 2 0 0 -19.24771 -0.84471 -118.538 7.953
859.48 2 0 0.09 -19.58689 -1.02661 -119.244 8.180
879.45 2 0 0 -23.72107 -0.91939 -141.917 8.327
899.48 2 0 0 -27.36872 -0.58583 -177.601 8.508
919.45 2 0 0 -28.42845 -0.39616 -217.75 8.652
939.49 2 0 0 -27.03879 -0.73374 -149.826 8.771
959.46 2 0 0 -22.70535 -0.45262 -88.3344 8.886
979.50 2 0 0 -21.86033 -0.30747 -53.2368 9.003
999.50 2 0 0 -25.48040 -0.07156 -64.3248 9.071
1019.50 2 0 0 -32.20783 0.24795 -170.376 9.150
1039.48 2 0 0 -29.19113 0.51138 -101.748 9.183
1059.26 2 0 0 -27.78257 0.78327 -72.8834 9.176
1079.47 2 0 0 -20.36287 0.66558 -6.10576 9.139
1099.46 2 0 0 -21.47786 0.68690 -17.6331 9.141
1119.48 2 0 0 -23.97814 0.53644 -64.3603 9.120
1139.45 2 0 0 -28.76369 0.38687 -97.7242 9.042
1159.46 2 0 0 -30.72869 -0.04131 -93.769 8.965
1179.48 2 0 0 -25.91057 -0.15042 -30.3415 8.839
1199.48 2 0 0 -21.24065 -0.47439 16.8677 8.691
1219.49 2 0 0 -20.29486 -0.55216 49.6819 8.607
1239.49 2 0 0 -25.55890 -0.42021 -11.8868 8.460
1259.50 2 0 0 -29.20338 -0.58095 -45.4538 8.274
1279.44 2 0 0 -32.85703 -0.28844 -102.591 8.133
1299.48 2 0 0 -33.33723 -0.09896 -126.268 7.937
1319.44 2 0 0 -23.08703 -0.01818 -8.92566 7.730
1339.48 2 0 0 -19.27417 0.03610 32.3251 7.498
1359.48 2 0 0 -20.10250 0.16498 -8.9783 7.247
1379.49 2 0 0 -27.09371 0.01136 -91.1527 6.977
1399.45 2 0 0 -25.32601 -0.26638 -84.6089 6.652
1419.45 2 0 0 -30.31871 -0.46905 -150.124 6.380
1439.46 2 0 0 -28.08037 -0.40010 -123.909 6.101
1459.48 2 0 0 -24.96723 -0.63525 -70.2963 5.819
1479.49 2 0 0 -22.19787 -0.84317 -6.77267 5.514
1499.47 2 0 0 -26.20934 -0.27829 -51.5889 5.207
1519.47 2 0 0 -27.61670 -0.39570 -51.0899 4.883
1539.50 2 0 -0.09 -27.10883 -0.39446 -72.3181 4.587
1559.46 2 0 0 -28.32001 -0.15897 -92.4768 4.218
1579.46 2 0 0 -23.61438 0.11351 -25.1619 3.867
1599.45 2 0 0 -24.16272 0.08659 -107.329 3.534
1619.46 2 0 0 -22.28980 0.12831 -85.1091 3.212
1639.46 2 0 0 -18.83146 0.21378 -65.034 2.899
1659.45 2 0 0 -21.34093 0.11468 -92.3819 2.574
1679.49 2 0 0 -23.18392 0.16435 -116.898 2.306
1699.46 2 0 0 -22.09278 -0.00289 -93.9399 2.035
1719.49 2 0 0 -22.91388 0.25853 -119.598 1.778
1739.44 2 0 0 -28.68778 0.18577 -159.999 1.520
1759.45 2 0 0 -27.05863 0.14698 -133.693 1.267
1779.50 2 0 0 -27.96993 -0.03222 -103.873 1.083
1799.49 2 0 0 -24.85611 0.03311 -85.5416 0.873
1819.48 2 0 0 -22.23591 -0.17788 -65.8383 0.695
1839.48 2 0 0 -13.81330 -0.17509 23.7366 0.435
1859.59 2 0 0 -20.12285 -0.62997 -91.4015 0.260
1879.56 2 0 0 -25.26833 -0.28945 -168.253 0.105
1899.57 2 0 0 -17.86360 -0.91691 -68.1726 -0.024
1919.53 2 0 -0.09 -8.56109 -0.96390 50.2361 -0.147
1939.49 2 0 0 -3.59642 -0.59436 94.5271 -0.253
1959.49 2 0 0 -4.97754 0.00082 94.8901 -0.274
1979.48 2 0 0 -6.43696 -0.95970 19.7965 -0.310
1999.49 2 0 0 -14.21852 -0.91203 -82.3721 -0.231
2019.48 2 0 0 -19.96136 -0.87576 -199.005 -0.220
2039.49 2 0 0 -15.46125 -1.04693 -161.493 -0.137
2059.25 2 0 0 -14.17403 -1.74892 -115.976 -0.112
2079.47 2 0 0 -4.02768 -1.36179 -43.4631 -0.005
2099.45 2 0 0 -8.08342 -0.65847 -118.578 0.136
2119.50 2 0 0 -6.38734 -0.93880 -130.571 0.321
2139.45 2 0 0 -7.66708 -1.51121 -144.69 0.505
2159.45 2 0 0 -6.99884 -1.22294 -144.866 0.720
2179.47 2 0 0 -7.96394 -0.35597 -121.559 0.950
2199.44 2 0 0.09 -2.81703 -0.39920 -94.063 1.216
2219.49 2 0 0 5.66354 -0.65997 -2.70425 1.553
2239.45 2 0 0 5.58183 -0.13907 -16.8318 1.940
2259.48 2 0 0 -0.06616 0.55213 -113.107 2.318
2279.47 2 0 0 -5.00705 0.59325 -192.354 2.681
2299.46 2 0 0 -10.29560 0.35834 -279.419 3.081
2319.45 2 0 0.27 -16.81556 0.48769 -345.134 3.492
2339.45 2 0 0 -16.91924 0.92621 -322.694 3.872
2359.46 2 0 0 -10.78897 0.93102 -226.402 4.222
2379.46 2 0 0 -11.52121 0.37773 -236.432 4.573
2399.46 2 0 0 -19.11677 0.73865 -264.996 5.002
2419.48 2 0 0.09 -21.68266 0.96850 -258.492 5.427
2439.45 2 0 0 -19.83704 0.42591 -186.393 5.862
2459.48 2 0 0 -13.90112 -0.01405 -62.6779 6.324
2479.45 2 0 0 -11.15850 0.33707 15.3871 6.776
2499.44 2 0 2.7 -12.44468 0.48528 -9.30143 7.192
2519.48 2 0 6.3 -9.08890 0.38629 -10.8871 7.631
2539.45 2 0 15 0.76136 -0.22397 52.1197 8.096
2559.48 2 0 15 -8.96948 0.19776 -75.5688 8.536
2579.49 2 0 15 -11.71125 1.09369 -189.164 9.023
2599.46 2 0 15 -8.47884 0.78046 -68.1825 9.345
2619.48 2 0 15 4.81611 0.58058 -74.8403 9.790
2639.46 2 0 15 6.62128 0.62454 4.23078 10.163
2659.48 2 0 15 9.08906 0.13573 16.843 10.570
2679.45 2 0 15 12.04619 -1.67875 44.2111 11.023
2699.45 2 0 15 19.94526 -0.83953 174.132 11.441
2719.48 2 0 15 11.04585 0.42246 53.4524 11.852
2739.47 2 0 15 8.52899 0.52427 3.09674 12.284
2759.49 2 0 15 5.97001 0.31860 -59.8835 12.638
2779.46 2 0 15 -0.88489 0.71713 -157.426 12.996
2799.45 2 0 15 7.13306 0.86153 -95.1705 13.396
2819.45 2 0 15 16.46500 0.78001 12.5643 13.734
2839.45 2 0 15 19.72867 1.14495 79.131 14.083
2859.49 2 0 15 29.63203 0.70627 127.385 14.379
2879.47 2 0 15 10.68019 0.24926 -115.04 14.671
2899.47 2 0 15 1.33870 -0.12559 -179.591 14.873
2919.46 2 0 15 -4.94685 -0.31885 -210.322 15.068
2939.48 2 0 15 -7.91514 -0.84758 -213.26 15.194
2959.45 2 0 15 -2.05286 -0.86732 -150.125 15.340
2979.46 2 0 15 -1.24061 -0.72715 -72.2439 15.435
2999.46 2 0 15 -1.98462 -0.65365 -54.6183 15.469
3019.48 2 0 15 -6.58858 -0.79261 -116.791 15.470
3039.45 2 0 15 -6.10375 -0.59505 -63.803 15.411
3059.46 2 0 15 -2.74499 -0.44698 -5.70513 15.359
3079.49 2 0 15 3.00784 -0.64360 84.7581 15.222
3099.48 2 0 15 7.89188 -0.97451 155.885 15.095
3119.48 2 0 15 3.58757 -1.21138 74.6054 14.910
3139.49 2 0 15 -3.04321 -1.36621 63.9385 14.704
3159.49 2 0 15 -6.92694 -1.62991 51.4856 14.460
3179.48 2 0 15 -7.89944 -1.84038 95.7476 14.111
3199.61 2 0 15 -5.71685 -1.06970 60.8973 13.809
3219.54 2 0 15 -7.78175 -1.35124 60.9042 13.433
3239.51 2 0 15 -6.42908 -2.02638 97.1518 12.994
3259.52 2 0 15 -9.21731 -2.68133 113.392 12.586
3279.45 2 0 15 0.19315 -2.76921 245.11 12.133
3299.49 2 0 15 -0.05431 -2.77450 134.486 11.731
3319.47 2 0 15 -7.05948 -2.34626 101.231 11.302
3339.48 2 0 15 -17.96482 -1.67973 -46.8708 10.943
3359.49 2 0 15 -3.18913 -1.52958 -21.0844 10.540
3379.50 2 0 15 -3.29281 -2.27196 -72.3167 10.239
3399.48 2 0 15 -12.87947 -2.28860 -94.1188 9.960
3419.50 2 0 15 -2.51089 -2.69707 -62.1254 9.787
3439.49 2 0 15 -7.62789 -3.89890 -50.5598 9.628
3459.49 2 0 15 -8.69929 -3.80656 -59.8599 9.551
3479.46 2 0 15 -14.16541 -2.38621 -142.153 9.513
3499.46 2 0 15 3.17720 -0.90593 59.141 9.572
3519.48 2 0 15 17.15323 0.36688 224.385 9.695
3539.48 2 0 15 29.49978 2.11515 179.122 9.796
3559.51 2 0 15 21.77201 1.83973 -41.8745 9.976
3579.46 2 0 15 9.74965 0.95482 -230.953 10.188
3599.49 2 0 15 -5.64187 0.72166 -266.363 10.336
3619.46 2 0 15 -5.32075 0.56602 -222.845 10.533
3639.45 2 0 15 -3.94501 -0.01401 -62.2057 10.742
3659.47 2 0 15 2.95525 0.35393 36.8398 10.893
3679.48 2 0 15 8.71879 1.26378 77.6168 11.105
3699.47 2 0 15 17.68155 1.47006 112.161 11.353
3719.46 2 0 15 19.48495 1.74744 152.588 11.543
3739.49 2 0 15 4.05896 1.51405 -183.69 11.599
3759.44 2 0 15 -6.97477 0.93000 -301.347 11.603
3779.49 2 0 15 0.40897 0.32808 -232.227 11.582
3799.49 2 0 15 -3.11328 -1.05806 -166.303 11.491
3819.44 2 0 15 10.50128 -2.54266 120.539 11.373
3839.46 2 0 15 15.01360 -4.28163 150.432 11.204
3859.49 2 0 15 12.02788 -3.38485 82.3775 11.081
3879.47 2 0 15 6.70384 -0.38687 -7.36793 11.000
3899.46 2 0 15 -8.37374 -0.95466 -152.903 10.783
3919.45 2 0 15 -8.30957 -2.24024 -44.3591 10.487
3939.49 2 0 15 24.66106 -3.37722 341.879 10.326
3959.49 2 0 15 15.25163 -3.86589 125.032 10.085
3979.45 2 0 15 9.50000 -4.20761 81.6649 9.772
3999.47 2 0 15 15.16796 -5.09204 123.11 9.447
4019.47 2 0 15 13.18317 -6.56306 191.876 9.133
4039.46 2 0 15 3.92161 -5.61015 159.24 8.804
4059.49 2 0 15 3.68922 -3.74586 23.3335 8.598
4079.45 2 0 15 6.00898 -2.44185 92.6783 8.299
4099.46 2 0 15 9.87027 -2.42642 29.2469 8.025
4119.48 2 0 15 5.58685 -2.01862 40.7825 7.771
4139.48 2 0 15 11.38388 -1.88549 7.08456 7.471
4159.49 2 0 15 8.35674 -0.63967 54.8134 7.081
4179.46 2 0 15 18.85837 0.14642 203.452 6.716
4199.46 2 0 15 13.49900 1.84301 89.6032 6.270
4219.48 2 0 15 9.34953 2.56151 19.4095 5.909
4239.50 2 0 15 1.52746 3.23079 -25.2599 5.516
4259.48 2 0 15 7.04187 3.25796 16.5621 5.122
4279.46 2 0 15 10.33307 3.27234 61.3452 4.745
4299.49 2 0 15 15.49585 2.68268 118.948 4.334
4319.49 2 0 15 7.69658 3.29600 34.9859 3.819
4339.49 2 0 15 10.61961 4.02358 73.8733 3.377
4359.45 2 0 15 14.96572 3.09521 56.0674 3.014
4379.45 2 0 15 29.28875 3.44997 301.491 2.628
4399.47 2 0 15 17.49089 5.68658 219.735 2.202
4419.50 2 0 15 5.85679 4.95744 0.441101 1.883
4439.46 2 0 15 13.94692 3.69711 7.87408 1.477
4459.44 2 0 15 23.92991 4.54624 139.022 1.144
4479.50 2 0 15 25.02483 5.49785 124.622 0.837
4499.45 2 0 15 39.19841 3.30126 271.291 0.541
4519.44 2 0 15 31.40258 3.65034 -61.5063 0.301
4539.59 2 0 15 46.83385 3.26140 356.531 -0.025
4559.56 2 0 15 46.09048 3.86721 117.788 -0.232
4579.52 2 0 15 30.54583 4.49805 -86.4013 -0.382
4599.47 2 0 15 23.95590 3.11480 -84.2809 -0.584
4619.26 2 0 15 28.91214 2.78628 -24.044 -0.696
4639.49 2 0 15 46.70287 -0.28652 234.568 -0.634
4659.49 2 0 15 16.41749 0.22691 -214.483 -0.551
4679.45 2 0 15 3.46956 4.12507 -185.355 -0.481
4699.45 2 0 15 4.25171 0.79217 -164.448 -0.336
4719.48 2 0 15 17.50722 0.65217 -207.875 -0.137
4739.47 2 0 15 20.87276 1.56345 -38.1198 0.079
4759.46 2 0 15 21.93865 1.29503 -19.0392 0.347
4779.46 2 0 15 26.18190 0.82612 -56.4551 0.581
4799.47 2 0 15 20.20253 0.75319 -225.108 0.897
4819.48 2 0 15 34.34573 1.03233 218.881 1.219
4839.46 2 0 15 54.32304 0.46452 155.048 1.599
4859.47 2 0 15 12.82527 -1.30192 -271.7 1.872
4879.48 2 0 15 19.96000 -1.73891 -110.459 2.090
4899.49 2 0 15 9.35635 -3.59382 -234.763 2.282
4919.44 2 0 15 9.12979 -6.00509 -229.459 2.414
4939.49 2 0 15 29.25984 -7.20620 147.87 2.570
4959.49 2 0 15 29.22221 -3.41310 162.309 2.697
4979.48 2 0 15 42.06673 -0.36602 314.759 2.900
4999.50 2 0 15 58.53256 -1.40027 378.281 3.065
5019.25 2 0 15 50.20492 -3.24497 352.177 3.181
5039.47 2 0 15 27.37561 -0.52814 -31.2433 3.253
5059.49 2 0 0.54 -1.56861 4.39467 -232.867 3.253
5079.48 2 0 0.27 45.00240 3.37552 325.553 3.260
5099.49 2 0 0 3.88305 -0.21626 -265.689 3.332
5119.47 2 0 0 0.38363 1.41305 -33.264 3.249
5139.50 2 0 0 23.40880 5.03704 216.225 3.166
5159.45 2 0 0 21.84706 2.10310 164.08 3.034
5179.50 2 0 0 -2.72618 1.08044 4.63959 2.882
5199.48 2 0 0.09 25.89557 1.22644 447.017 2.664
5219.25 2 0 0 28.04436 2.25332 342.751 2.398
5239.45 2 0 0 2.75984 2.09828 -162.281 2.172
5259.48 2 0 0 3.14922 -2.62625 120.136 1.733
5279.48 2 0 0.09 24.70193 -1.28480 186.705 1.388
5299.46 2 0 0 6.45737 0.17614 94.9029 0.901
5319.50 2 0 0 15.49359 -2.07304 195.36 0.352
5339.46 2 0 0 9.51628 -2.66307 168.887 -0.191
5359.46 2 0 0 20.28178 2.04661 268.745 -0.832
5379.45 2 0 0 13.33300 -0.27861 300.522 -1.556
5399.45 2 0 0 6.63107 -2.02338 204.409 -2.302
5419.48 2 0 0 0.61393 1.01633 185.435 -3.119
5439.49 2 0 0.09 2.48678 1.07861 274.211 -4.002
5459.45 2 0 0 10.46606 -0.55916 306.11 -4.920
5479.48 2 0 0 1.14174 0.49033 290.518 -6.030
5499.50 2 0 0 9.64353 -0.68200 274.981 -7.068
5519.45 2 0 0 -1.25721 0.75403 304.059 -8.292
5539.47 2 0 0 0.75866 -0.17334 227.692 -9.626
5559.47 2 0 0 12.33199 -0.33891 465.954 -10.999
5579.47 2 0 0 6.28459 -0.05482 351.306 -12.451
5599.46 2 0 0.09 2.89106 -1.16905 269.706 -13.965
5619.48 2 0 0 18.42271 -1.68786 443.812 -15.527
5639.47 2 0 0 4.42877 -1.11208 305.547 -17.262
5659.48 2 0 0.09 16.18406 -1.56019 444.707 -19.009
5679.44 2 0 0.27 6.64439 -1.90100 409.363 -20.785
5699.46 2 0 0 10.28593 -1.43187 380.161 -22.629
5719.48 2 0 0.09 17.78339 -2.44470 342.114 -24.329
5739.47 2 0 0.09 20.64147 -2.14030 274.403 -26.007
5759.48 2 0 0.09 25.50140 -1.76171 323.65 -27.687
5779.45 2 0 0 35.50203 -1.18073 306.002 -29.218
5799.57 2 0 0 34.58958 -1.72943 295.406 -30.713
5819.36 2 0 0.09 41.71608 -0.83838 207.182 -32.089
5839.52 2 0 0 53.35200 -1.84565 224.181 -33.423
5859.50 2 0 0 65.62079 -1.80265 124.495 -34.564
5879.47 2 0 0 61.15527 -3.74961 160.247 -35.552
5899.50 2 0 0 61.54808 0.11453 259.843 -36.407
5919.48 2 0 0 62.92322 -1.24281 197.477 -37.138
5939.51 2 0 0 67.34167 -1.94398 157.699 -37.542
5959.50 2 0 0.09 77.13240 -0.78110 211.51 -37.788
5979.51 2 0 0 81.01170 -1.57629 167.169 -38.054
5999.50 2 0 0 93.90669 -1.69636 88.3534 -37.975
6019.49 2 0 0 92.09161 -3.97638 83.2624 -37.655
6039.48 2 0 0 90.11641 -3.39174 -66.7429 -37.266
6059.47 2 0 0 94.03378 -3.81140 -48.2929 -36.642
6079.51 2 0 0 102.82573 -5.73869 -9.56051 -35.639
6099.49 2 0 0 112.98073 -6.67751 59.1685 -34.491
6119.48 2 0 0 109.55898 -6.92321 -76.5124 -33.159
6139.47 2 0 0 113.56442 -8.01970 -161.87 -31.648
6159.45 2 0 0 116.72122 -10.67381 -76.4703 -29.938
6179.47 2 0 0 122.75609 -10.18705 -57.4135 -28.005
6199.48 2 0 0.09 119.73705 -12.46813 -170.393 -25.857
6219.48 2 0 0 113.88689 -12.85067 -117.206 -23.663
6239.50 2 0 0.09 118.42094 -13.60765 -238.847 -21.561
6259.46 2 0 0 128.07986 -14.95482 -154.055 -19.294
6279.51 2 0 0 116.15361 -16.44722 -262.342 -16.977
6299.49 2 0 0.09 114.57657 -17.07818 -159.039 -14.641
6319.45 2 0 0 102.96552 -16.09338 -12.1874 -12.478
6339.52 2 0 0 88.83894 -15.51276 -167.345 -10.695
6359.46 2 0 0 97.76882 -15.55094 3.29839 -8.790
6379.46 1 0 0.09 92.46322 -14.43391 41.6268 -7.022
6399.46 1 0 0 86.44744 -20.93444 44.1321 -5.541
6419.50 1 0 0 79.97445 -16.36420 112.615 -4.235
6439.50 1 0 0 72.42381 -12.80508 155.613 -3.133
6459.49 1 0 0 66.43121 -14.47033 216.207 -2.331
6479.47 1 0 0 64.61348 -12.02506 284.726 -1.752
6499.49 1 0 0 55.55563 -6.99643 327.451 -1.504
6519.50 1 0 0 51.58727 -4.69634 382.566 -1.491
6539.47 1 0 0 50.59970 -4.26180 397.79 -1.701
6559.47 1 0 0 46.52625 -2.54256 371.659 -2.239
6579.51 1 0 0 47.36505 1.14011 355.399 -2.783
6599.45 1 0 0 43.30202 3.81552 378.337 -3.517
6619.46 1 0 0 45.76501 5.50983 352.881 -4.357
6639.47 1 0 0 50.88742 6.19384 343.502 -5.227
6659.47 1 0 0 55.41903 7.72662 273.79 -5.969
6679.51 1 0 0 59.03831 10.04587 198.159 -6.565
6699.46 1 0 0 63.52261 10.42304 162.335 -6.914
6719.47 1 0 0 69.84409 9.99005 65.3754 -7.057
6739.52 1 0 0 75.06306 9.74391 -17.1364 -6.860
6759.47 1 0 0 77.99317 9.35871 -21.4844 -6.392
6779.51 1 0 0 85.53239 8.66630 -97.6383 -5.581
6799.46 1 0 0 74.83864 8.41338 222.29 -5.009
6819.48 1 0 0 62.81121 8.48137 114.891 -4.658
6839.49 1 0 0 78.37754 7.76134 -39.8567 -4.089
6859.49 1 0 0 74.16620 8.14648 55.9917 -3.054
6879.51 1 0 0 81.83884 9.02978 -15.651 -2.036
6899.50 1 0 0 74.26199 11.18930 -61.4492 -0.928
6919.49 1 0 0 74.22089 9.78436 -72.8125 0.106
6939.47 1 0 0 73.85087 9.23158 -69.9542 1.122
6959.47 1 0 0 73.26426 11.18410 -89.9576 2.167
6979.46 1 0 0 74.77196 8.87827 -76.1917 3.267
6999.48 1 0 0 70.10250 8.91676 -84.8176 4.437
7019.50 1 0 0 72.75816 10.56060 -34.7002 5.575
7039.49 1 0 0 67.38297 9.66159 -48.3506 6.813
7059.46 1 0 0 66.87270 10.85228 -56.7329 8.024
7079.50 1 0 0 63.37111 11.66697 -92.7358 9.137
7099.48 1 0 0 62.11636 11.04506 -107.875 10.188
7119.58 1 0 0 59.51210 11.27792 -117.971 11.351
7139.55 1 0 0 58.19014 11.75846 -123.094 12.504
7159.49 1 0 0 84.87955 3.09914 133.617 14.134
7179.47 1 0 0 35.63776 -11.95858 164.221 13.696
7199.50 1 0 0 36.41839 7.29034 295.732 13.341
7219.47 1 0 0 41.80293 132.64687 282.864 13.358
7239.49 1 0 0 29.85260 303.34399 209.972 13.566
7259.47 1 0 0 18.44241 321.48825 156.523 14.114
7279.50 1 0 0 24.10515 291.89780 192.518 14.767
7299.46 1 0 0 22.06329 222.69669 110.8 15.449
7319.45 1 0 0 21.61304 193.53058 174.433 16.330
7339.50 1 0 0 1.46188 201.33253 500 16.665
7359.45 1 0 0 10.52828 194.15405 393.313 16.805
7379.51 1 0 0 13.40084 183.03622 222.387 16.828
7399.49 1 0 0 -19.87368 134.50490 -500 16.699
7419.49 1 0 0 56.21691 -21.16813 -500 16.509
7439.45 1 0 0 57.07442 -79.86026 -500 16.232
7459.49 1 0 0 35.24561 -91.36079 -176.393 15.848
7479.50 1 0 0 29.70212 -108.71465 -71.7165 15.398
7499.46 1 0 0 14.30781 -116.17016 151.175 15.295
7519.46 1 0 0 36.13560 -118.33092 -175.579 15.634
7539.49 1 0 0 38.41619 -123.35909 -349.779 16.790
7559.28 1 0 0 50.73207 -118.64344 -500 18.377
7579.45 1 0 0 46.84430 -126.33564 -500 21.128
7599.49 1 0 0 17.23790 -115.32664 -166.722 22.558
7619.45 1 0 0 8.55818 -104.44361 103.407 23.273
7639.50 1 0 0 24.15980 -99.39011 92.0971 23.573
7659.49 1 0 0 1.83923 -92.84213 -44.6422 24.404
7679.44 1 0 0 34.94221 -67.30630 438.768 24.418
7699.50 1 0 0 -9.73875 -19.03921 262.936 24.169
7719.50 1 0 0 -22.13065 48.51565 144.23 23.262
7739.46 1 0 0 -15.71496 98.22926 500 21.723
7759.25 1 0 0 -32.78689 135.44347 361.703 20.024
7779.48 1 0 0 -37.13076 132.11931 387.188 18.969
7799.49 1 0 0 -17.84326 104.87216 2.00428 18.193
7819.47 1 0 0 -13.75921 65.69539 -15.3464 17.663
7839.48 1 0 0 -10.34312 36.48620 -49.6011 16.931
7859.47 1 0 0 -0.65013 18.66421 39.754 16.351
7879.49 1 0 0 -19.38517 7.48381 -26.0137 15.281
7899.49 1 0 0 -25.69015 -3.15864 138.159 14.086
7919.49 1 0 0 -13.86133 -13.10811 49.8889 12.938
7939.48 1 0 0 -6.54522 -18.27400 -62.2788 12.209
7959.49 1 0 0 8.90305 -19.35892 -310.524 12.393
7979.50 1 0 0 19.20329 -16.46473 -409.353 13.448
7999.50 1 0 0 19.40264 -13.96876 -459.404 14.969
8019.46 1 0 0 13.62078 -17.28304 -393.474 16.703
8039.45 1 0 0 9.95258 -26.83790 -377.746 18.512
8059.50 1 0 0 1.21710 -31.06693 -341.907 20.441
8079.49 1 0 0 4.31474 -28.03812 -370.434 22.409
8099.49 1 0 0 2.12616 -28.15446 -360.491 24.260
8119.50 1 0 0 -13.72159 -23.22395 -250.847 25.828
8139.46 1 0 0 -27.14806 -18.52437 -105.977 27.039
8159.50 1 0 0 -31.95891 -17.93331 -82.2389 27.636
8179.46 1 0 0 -35.94557 -14.35232 -119.841 27.808
8199.45 1 0 0 -40.45195 -1.21717 2.15874 27.750
8219.45 1 0 0 -46.86135 8.05945 41.0027 27.057
8239.50 1 0 0 -53.66892 12.01151 143.689 26.182
8259.51 1 0 0 -52.17328 13.60792 51.5447 25.074
8279.50 1 0 0 -52.91859 14.74367 109.226 24.067
8299.51 1 0 0 -53.30004 12.65697 42.6305 23.161
8319.47 1 0 0 -50.06253 10.34892 -19.4864 22.433
8339.49 1 0 0 -44.23675 9.35553 -112.157 21.893
8359.48 1 0 0 -42.04797 5.21566 -138.267 21.563
8379.50 1 0 0 -38.08227 1.44125 -201.332 21.411
8399.46 1 0 0 -32.81399 -2.42391 -237.985 21.341
8419.48 1 0 0 -33.95521 -5.32015 -259.768 21.379
8439.58 1 0 0 -32.05901 -6.13970 -307.546 21.574
8459.58 1 0 0 -34.06073 -6.07778 -274.846 21.843
8479.51 1 0 0 -38.66199 -5.58376 -270.754 22.075
8499.51 1 0 0 -41.69548 -4.98293 -192.115 22.270
8519.47 1 0 0 -46.53246 -4.18785 -164.737 22.327
8539.46 1 0 0 -50.52103 -3.02547 -135.525 22.210
8559.49 1 0 0 -52.58855 -0.92911 -88.6668 21.958
8579.47 1 0 0 -54.94387 1.17569 -96.0345 21.553
8599.50 1 0 0 -54.31232 2.73596 -89.2906 21.102
8619.46 1 0 0 -53.11396 3.64328 -120.948 20.661
8639.51 1 0 0 -52.85623 3.86911 -170.722 20.297
8659.47 1 0 0 -53.03204 3.20210 -205.485 20.019
8679.51 1 0 0 -49.89439 2.14998 -195.038 19.832
8699.45 1 0 0 -50.53699 0.74609 -220.254 19.723
8719.50 1 0 0 -51.51332 -0.48268 -232.674 19.650
8739.48 1 0 0 -50.65844 -1.71400 -205.193 19.606
8759.47 1 0 0 -53.01345 -2.41170 -208.511 19.527
8779.49 1 0 0 -53.79282 -2.70518 -191.87 19.406
8799.47 1 0 0 -55.21992 -2.23578 -181.155 19.230
8819.50 1 0 0 -56.87384 -1.25101 -168.798 19.023
8839.50 1 0 0 -56.68119 0.13308 -152.326 18.783
8859.48 1 0 0 -58.17436 1.38978 -157.82 18.536
8879.49 1 0 0 -59.16101 1.89058 -177.003 18.304
8899.47 1 0 0 -58.39463 1.81195 -188.028 18.098
8919.46 1 0 0 -58.24955 1.07140 -183.854 17.910
8939.27 1 0 0 -57.52168 -0.00529 -198.746 17.749
8959.50 1 0 0 -58.97702 -0.98882 -214.823 17.593
8979.50 1 0 0 -57.27096 -1.48892 -182.274 17.427
8999.50 1 0 0 -59.91107 -1.35332 -202.469 17.253
9019.46 1 0 0 -59.99048 -0.51630 -185.359 17.073
9039.45 1 0 0 -59.81277 0.16528 -171.605 16.892
9059.49 1 0 0 -62.58590 0.89590 -185.36 16.691
9079.46 1 0 0 -61.33453 1.37005 -175.868 16.479
9099.45 1 0 0 -61.96996 1.22742 -186.474 16.267
9119.50 1 0 0 -62.18440 0.67051 -195.543 16.058
9139.28 1 0 0 -62.40064 -0.03974 -200.981 15.862
9159.46 1 0 0 -61.36458 -0.60318 -197.63 15.675
9179.46 1 0 0 -62.44300 -0.75617 -198.626 15.505
9199.47 1 0 0 -63.04433 -0.62239 -201.303 15.352
9219.47 1 0 0 -62.91081 -0.22898 -179.273 15.177
9239.46 1 0 0 -62.71128 0.51356 -176.149 14.996
9259.50 1 0 0 -64.28973 0.84207 -180.979 14.797
9279.50 1 0 0 -64.02809 0.77242 -179.115 14.586
9299.48 1 0 0 -63.68076 0.54410 -193.359 14.369
9319.48 1 0 0 -63.81972 0.14108 -196.446 14.160
9339.50 1 0 0 -64.12831 -0.16139 -199.864 13.959
9359.45 1 0 0 -63.09111 -0.36395 -187.626 13.773
9379.48 1 0 0 -61.77973 -0.39978 -160.955 13.601
9399.49 1 0 0 -62.57755 -0.16950 -170.857 13.441
9419.50 1 0 0 -65.58167 0.12419 -194.05 13.263
9439.45 1 0 0 -64.81656 0.42121 -180.289 13.065
9459.45 1 0 0 -65.11996 0.56156 -187.37 12.858
9479.47 1 0 0 -63.40833 0.56394 -168.128 12.644
9499.47 1 0 0 -63.01212 0.34142 -173.528 12.433
9519.47 1 0 0 -63.60777 0.18111 -178.065 12.231
9539.47 1 0 0 -64.12689 -0.09947 -184.168 12.041
9559.47 1 0 0 -64.53782 -0.09420 -197.53 11.866
9579.45 1 0 0 -65.22028 -0.06723 -209.786 11.698
9599.47 1 0 0 -63.67926 0.02135 -173.555 11.522
9619.48 1 0 0 -65.38831 0.12667 -197.872 11.337
9639.47 1 0 0 -64.25085 0.26409 -175.268 11.133
9659.45 1 0 0 -63.88465 0.47828 -173.817 10.914
9679.46 1 0 0 -65.24556 0.16834 -194.375 10.704
9699.45 1 0 0 -64.40700 0.12244 -192.431 10.502
9719.46 1 0 0 -64.79675 0.05654 -198.275 10.320
9739.42 1 0 0 -63.57439 0.03993 -188.551 10.133
9759.54 1 0 0 -63.92533 -0.04955 -198.016 9.956
9779.52 1 0 0 -63.68919 0.08670 -178.963 9.771
9799.51 1 0 0 -63.24249 0.20493 -183.308 9.582
9819.49 1 0 0 -62.56619 0.27642 -178.014 9.400
9839.47 1 0 0 -62.83910 0.28362 -170.807 9.182
9859.45 1 0 0 -62.94495 0.18543 -183.568 8.965
9879.49 1 0 0 -60.65226 0.02444 -149.665 8.760
9899.45 1 0 0 -60.88542 0.03363 -160.731 8.574
9919.26 1 0 0 -60.67227 -0.02256 -156.172 8.388
9939.48 1 0 0 -60.89885 -0.01473 -179.952 8.215
9959.46 1 0 0 -62.48367 0.06192 -178.611 8.027
9979.50 1 0 0 -61.04105 0.21730 -175.771 7.834
9999.45 1 0 0 -61.04982 0.17547 -168.117 7.623
10019.46 1 0 0 -60.33937 0.14324 -164.698 7.428
10039.47 1 0 0 -61.52565 0.23633 -177.794 7.218
10059.45 1 0 0 -60.84613 0.14277 -176.863 7.009
10079.48 1 0 0 -61.10362 0.19919 -172.457 6.813
10099.48 1 0 0 -60.58340 0.00834 -181.323 6.630
10119.46 1 0 0 -58.99463 0.07636 -162.087 6.443
10139.45 1 0 0 -56.55493 -0.00472 -141.389 6.259
10159.49 1 0 0 -57.55764 0.16206 -152.421 6.061
10179.45 1 0 0 -58.17686 0.12430 -165.035 5.849
10199.49 1 0 0 -57.90968 0.08535 -167.32 5.643
10219.46 1 0 0 -56.92368 0.18793 -150.085 5.442
10239.49 1 0 0 -57.02087 0.02782 -163 5.240
10259.48 1 0 0 -56.52436 0.09859 -156.911 5.051
10279.49 1 0 0 -55.86230 0.12306 -159.087 4.860
10299.45 1 0 0 -55.24785 0.05039 -162.284 4.681
10319.49 1 0 0 -54.92948 0.10237 -150.916 4.489
10339.45 1 0 0 -54.25419 0.02787 -159.798 4.292
10359.45 1 0 0 -53.13757 0.05460 -129.043 4.087
10379.46 1 0 0 -51.91745 0.23957 -124.454 3.883
10399.49 1 0 0 -51.56239 0.20985 -136.583 3.682
10419.44 1 0 0 -51.07940 0.10873 -132.699 3.483
10439.50 1 0 0 -51.55059 0.21935 -143.752 3.295
10459.46 1 0 0 -51.55202 0.16709 -139.517 3.104
10479.48 1 0 0 -49.92653 0.06930 -142.323 2.948
10499.50 1 0 0 -50.43898 -0.03609 -150.45 2.763
10519.45 1 0 0 -50.37541 -0.08225 -142.774 2.559
10539.44 1 0 0 -50.01881 0.01287 -152.035 2.372
10559.48 1 0 0 -48.09061 0.26432 -129.462 2.202
10579.49 1 0 0 -48.32796 0.19968 -133.931 2.019
10599.44 1 0 0 -46.96490 0.18173 -144.938 1.839
10619.46 1 0 0 -47.56932 0.13564 -138.784 1.655
10639.44 1 0 0 -46.62214 0.05076 -136.173 1.477
10659.47 1 0 0 -44.46148 0.10278 -112.858 1.286
10679.49 1 0 0 -44.20407 0.10309 -116.558 1.113
10699.26 1 0 0 -42.82177 0.09400 -103.384 0.979
10719.45 1 0 0 -43.78034 0.01501 -120.893 0.803
10739.48 1 0 0 -42.97990 0.00766 -110.247 0.620
10759.45 1 0 0 -41.97873 -0.10411 -106.957 0.457
10779.45 1 0 0 -41.63871 0.24362 -108.286 0.307
10799.47 1 0 0 -41.22063 0.22386 -133.197 0.167
10819.47 1 0 0 -41.09193 0.16085 -112.368 0.000
10839.45 1 0 0 -41.25377 0.10936 -122.594 -0.156
10859.47 1 0 0 -39.66331 0.00700 -104.592 -0.299
10879.48 1 0 0 -38.96857 -0.19757 -125.469 -0.362
10899.30 1 0 0 -38.62858 -0.09931 -125.617 -0.481
10919.44 1 0 0 -39.12867 0.03455 -128.259 -0.593
10939.47 1 0 0 -37.59943 0.10537 -119.706 -0.687
10959.48 1 0 0 -37.23435 0.30947 -115.912 -0.784
10979.46 1 0 0 -35.59170 0.15518 -97.4688 -0.859
10999.44 1 0 0 -35.84065 0.02395 -112.72 -0.924
11019.45 1 0 0 -35.33714 0.07918 -117.001 -0.992
11039.60 1 0 0 -33.78556 0.01011 -103.109 -1.046
11059.55 1 0 0 -34.47424 0.00796 -121.393 -1.085
11079.50 1 0 0 -31.78729 0.08628 -81.6329 -1.122
11099.31 1 0 0 -33.17687 0.17819 -108.146 -1.151
11119.44 1 0 0 -31.58848 0.31613 -98.5473 -1.212
11139.48 1 0 0 -33.01568 0.24154 -113.146 -1.241
11159.46 1 0 0 -31.83818 0.25810 -112.716 -1.239
11179.48 1 0 0 -30.10564 0.10410 -90.1176 -1.247
11199.48 1 0 0 -29.86457 -0.00245 -101.625 -1.270
11219.45 1 0 0 -30.43348 0.05016 -107.21 -1.276
11239.45 1 0 0 -29.98599 -0.08478 -117.172 -1.265
11259.46 1 0 0 -28.55585 -0.01389 -97.9575 -1.264
11279.49 1 0 0 -28.19725 0.03827 -99.0672 -1.257
11299.49 1 0 0 -27.55827 0.04697 -87.2297 -1.248
11319.45 1 0 0 -29.09868 -0.07889 -111.182 -1.271
11339.45 1 0 0 -26.54849 0.09210 -90.037 -1.303
11359.49 1 0 0 -25.45532 0.07916 -91.0663 -1.306
11379.45 1 0 0 -25.74839 0.22887 -95.9058 -1.286
11399.46 1 0 0 -25.30010 0.13543 -86.4601 -1.280
11419.45 1 0 0 -25.56751 0.20315 -95.4643 -1.279
11439.45 1 0 0 -24.57567 0.01231 -83.4846 -1.248
11459.46 1 0 0 -24.04603 0.04887 -89.0959 -1.246
11479.48 1 0 0 -23.55591 0.13481 -90.2921 -1.271
11499.46 1 0 0 -22.85548 0.02663 -81.9953 -1.295
11519.50 1 0 0 -22.95707 0.04016 -84.1269 -1.310
11539.46 1 0 0 -22.39455 -0.01916 -87.7162 -1.304
11559.50 1 0 0 -21.38461 -0.00968 -73.0053 -1.306
11579.47 1 0 0 -21.36497 0.19095 -82.5319 -1.296
11599.50 1 0 0 -21.29607 0.09656 -77.0425 -1.327
11619.49 1 0 0 -20.48170 0.12801 -77.2631 -1.329
11639.48 1 0 0 -20.03392 0.11820 -77.5141 -1.327
11659.44 1 0 0 -20.32515 0.10077 -77.8291 -1.325
11679.45 1 0 0 -19.74070 0.05313 -84.766 -1.348
11699.48 1 0 0 -19.14771 0.12002 -80.905 -1.370
11719.47 1 0 0 -19.01884 0.18648 -73.6167 -1.352
11739.49 1 0 0 -18.56993 0.15876 -81.6756 -1.337
11759.50 1 0 0 -16.92892 0.05537 -71.4401 -1.347
11779.47 1 0 0 -17.61150 0.10915 -71.5813 -1.354
11799.46 1 0 0 -17.58551 0.21430 -81.9734 -1.354
11819.45 1 0 0 -17.42571 0.29266 -85.0871 -1.342
11839.49 1 0 0 -16.38684 0.16657 -75.8634 -1.333
11859.45 1 0 0 -15.88621 0.25907 -74.824 -1.357
11879.47 1 0 0 -15.73722 0.25016 -78.5228 -1.365
11899.44 1 0 0 -14.20582 0.05472 -59.9679 -1.357
11919.48 1 0 0 -14.20572 0.15228 -60.104 -1.361
11939.48 1 0 0 -14.16069 0.02250 -72.6381 -1.330
11959.49 1 0 0 -13.40687 -0.01268 -64.352 -1.322
11979.49 1 0 0 -12.69235 0.08170 -57.5473 -1.299
11999.45 1 0 0 -12.40397 0.34446 -52.7698 -1.316
12019.46 1 0 0 -12.89704 0.18770 -67.4496 -1.318
12039.47 1 0 0 -12.19373 0.03316 -57.0841 -1.311
12059.49 1 0 0 -11.71149 -0.06587 -55.064 -1.337
12079.49 1 0 0 -12.27895 -0.01152 -66.1609 -1.344
12099.47 1 0 0 -12.53594 0.01538 -78.848 -1.385
12119.49 1 0 0 -10.74305 0.23055 -56.4532 -1.374
12139.47 1 0 0 -10.53319 0.13859 -55.4196 -1.386
12159.46 1 0 0 -9.86750 0.12647 -56.8374 -1.362
12179.49 1 0 0 -11.70971 0.05986 -82.5729 -1.348
12199.49 1 0 0 -10.36726 0.08637 -70.5407 -1.334
12219.45 1 0 0 -10.56785 0.05457 -64.8984 -1.326
12239.45 1 0 0 -10.24497 0.01718 -76.653 -1.316
12259.44 1 0 0 -9.74058 0.13323 -79.2382 -1.328
12279.48 1 0 0 -8.75831 0.05749 -71.3031 -1.325
12299.45 1 0 0 -7.57727 0.08892 -60.0368 -1.316
12319.46 1 0 0 -7.63140 0.00215 -54.9783 -1.321
12339.60 1 0 0 -7.73707 0.01565 -63.7577 -1.300
12359.55 1 0 0 -8.70704 0.08486 -70.802 -1.297
12379.52 1 0 0 -6.57790 0.06504 -43.8225 -1.315
12399.51 1 0 0 -7.60082 0.14579 -71.0377 -1.318
12419.45 1 0 0 -5.98354 0.09662 -61.0057 -1.299
12439.47 1 0 0 -7.85603 0.14876 -71.9475 -1.319
12459.50 1 0 0 -5.06456 0.07814 -48.3222 -1.297
12479.46 1 0 0 -4.73616 0.03866 -44.5658 -1.312
12499.49 1 0 0 -4.64203 0.15714 -51.0534 -1.308
12519.50 1 0 0 -4.02526 0.00618 -43.1629 -1.281
12539.46 1 0 0 -4.52126 0.17541 -56.0924 -1.279
12559.47 1 0 0 -4.24877 0.20866 -57.8485 -1.272
12579.45 1 0 0 -3.35327 0.28257 -30.189 -1.288
12599.48 1 0 0 -3.84721 0.19764 -59.5707 -1.309
12619.48 1 0 0 -2.58608 0.16655 -51.8311 -1.304
12639.46 1 0 0 -3.43213 0.29556 -57.0348 -1.276
12659.49 1 0 0 -2.72614 0.16358 -44.7275 -1.271
12679.50 1 0 0 -3.04138 0.25220 -56.3919 -1.285
12699.45 1 0 0 -2.67519 0.18701 -60.0137 -1.298
12719.49 1 0 0 -1.75285 0.17614 -44.8788 -1.346
12739.45 1 0 0 -0.30809 0.13562 -46.8531 -1.329
12759.45 1 0 0 0.27823 -0.00426 -23.0917 -1.341
12779.45 1 0 0 -0.83277 -0.02191 -49.2693 -1.317
12799.46 1 0 0 0.73472 -0.01966 -22.302 -1.359
12819.48 1 0 0 -0.36729 0.15501 -50.7686 -1.348
12839.48 1 0 0 -0.37943 0.00624 -40.8176 -1.326
12859.50 1 0 0 0.08904 0.14912 -45.9483 -1.311
12879.49 1 0 0 -1.15180 0.09683 -56.8659 -1.298
12899.45 1 0 0 0.93436 0.03128 -31.8532 -1.329
12919.44 1 0 0 1.20880 -0.04248 -33.1803 -1.326
12939.48 1 0 0 1.40904 0.08680 -38.6793 -1.316
12959.48 1 0 0 0.59410 0.13368 -57.9768 -1.288
12979.47 1 0 0 2.42527 0.15548 -33.2448 -1.299
12999.44 1 0 0 0.42083 0.13984 -50.6874 -1.316
13019.48 1 0 0 1.78195 0.19006 -36.325 -1.316
13039.47 1 0 0 1.16615 0.21419 -41.6631 -1.333
13059.48 1 0 0 3.12007 -0.01448 -28.1647 -1.345
13079.50 1 0 0 2.87504 -0.05144 -32.9786 -1.350
13099.46 1 0 0 1.97249 0.02006 -46.6344 -1.366
13119.49 1 0 0 3.99757 0.11576 -17.2125 -1.342
13139.46 1 0 0 2.56100 0.14813 -34.7995 -1.312
13159.47 1 0 0 2.91758 0.14528 -35.0758 -1.295
13179.44 1 0 0 2.04488 0.13578 -39.5679 -1.304
13199.45 1 0 0 2.65659 0.19254 -19.2049 -1.335
13219.46 1 0 0 3.81124 0.18543 -29.979 -1.307
13239.45 1 0 0 2.24487 0.17126 -46.0358 -1.304
13259.45 1 0 0 2.83061 0.17274 -28.2628 -1.317
13279.48 1 0 0 4.52519 0.27696 -29.7007 -1.340
13299.47 1 0 0 4.11015 0.11980 -21.1257 -1.363
13319.45 1 0 0 4.95190 0.20154 -9.81403 -1.343
13339.48 1 0 0 4.63116 0.04126 -16.3655 -1.346
13359.45 1 0 0 4.49096 0.10374 -19.9149 -1.346
13379.46 1 0 0 5.14281 0.20690 -15.9573 -1.340
13399.45 1 0 0 4.73009 0.03424 -20.0926 -1.343
13419.45 1 0 0 4.99502 0.12595 -11.8821 -1.303
13439.44 1 0 0 5.42049 0.16937 -12.0717 -1.288
13459.49 1 0 0 6.60814 0.05005 6.15737 -1.305
13479.45 1 0 0 4.37005 0.17227 -14.9005 -1.313
13499.47 1 0 0 5.69911 0.03755 -12.7208 -1.285
13519.47 1 0 0 5.00486 0.00162 -18.8079 -1.274
13539.44 1 0 0 4.23254 0.01079 -20.0912 -1.255
13559.45 1 0 0 6.42921 0.14803 3.43648 -1.250
13579.45 1 0 0 5.43187 0.01274 -1.84639 -1.270
13599.48 1 0 0 4.88913 0.00778 -21.9611 -1.286
13619.46 1 0 0 6.04759 0.06510 -0.00633621 -1.285
13639.60 1 0 0 6.97806 -0.11458 7.13989 -1.251
13659.55 1 0 0 4.98371 -0.14214 -16.0689 -1.274
13679.50 1 0 0 4.53306 -0.09668 -21.3924 -1.283
13699.48 1 0 0 5.12431 0.01113 -14.4671 -1.254
13719.45 1 0 0 5.53751 0.07783 -15.4026 -1.223
13739.49 1 0 0 5.54601 0.04573 -5.4669 -1.221
13759.46 1 0 0 6.47458 0.16202 11.2729 -1.242
13779.45 1 0 0 5.70954 0.12315 2.347 -1.253
13799.47 1 0 0 5.83376 0.10843 4.59389 -1.283
13819.45 1 0 0 7.36501 0.06903 13.1212 -1.264
13839.48 1 0 0 6.55342 0.03233 14.4205 -1.254
13859.46 1 0 0 5.83742 0.05699 2.94762 -1.249
13879.44 1 0 0 5.27918 0.10617 -5.92636 -1.266
13899.48 1 0 0 5.40282 0.17479 1.57674 -1.251
13919.46 1 0 0 5.23117 0.04333 4.91639 -1.244
13939.50 1 0 0 6.04400 0.12366 -1.68653 -1.234
13959.49 1 0 0 4.77579 0.12940 -11.1845 -1.262
13979.46 1 0 0 7.22018 0.20842 33.9815 -1.275
13999.46 1 0 0 5.58120 0.25230 -6.4684 -1.281
14019.44 1 0 0 7.20398 0.12225 16.0733 -1.310
14039.46 1 0 0 7.24070 0.03004 31.5327 -1.311
14059.45 1 0 0 6.27775 0.04992 16.4157 -1.322
14079.48 1 0 0 5.06519 0.10874 -4.86728 -1.333
14099.47 1 0 0 5.88531 0.17771 20.343 -1.328
14119.45 1 0 0 6.71116 0.17979 33.7666 -1.338
14139.50 1 0 0 7.45980 0.10153 29.0628 -1.305
14159.45 1 0 0 6.43547 0.14606 36.5165 -1.303
14179.45 1 0 0 5.85877 0.13265 25.9837 -1.307
14199.47 1 0 0 6.52814 0.17795 17.3698 -1.324
14219.47 1 0 0 6.57814 0.09149 27.6269 -1.307
14239.47 1 0 0 6.18586 -0.00714 24.5489 -1.329
14259.46 1 0 0 6.94044 0.11371 27.3104 -1.324
14279.46 1 0 0 5.53656 0.08470 12.9789 -1.357
14299.46 1 0 0 5.67241 0.21483 15.2385 -1.367
14319.49 1 0 0 5.64897 0.09543 18.4516 -1.321
14339.49 1 0 0 6.30550 0.06349 29.1484 -1.323
14359.44 1 0 0 5.69071 0.02998 22.1355 -1.312
14379.46 1 0 0 5.34778 -0.00159 14.6566 -1.297
14399.50 1 0 0 6.73515 0.15584 24.4513 -1.294
14419.46 1 0 0 5.72254 -0.08109 21.3676 -1.278
14439.50 1 0 0 5.63511 -0.01513 31.4287 -1.300
14459.47 1 0 0 4.28656 0.02194 12.5663 -1.322
14479.45 1 0 0 5.21714 0.07577 31.4747 -1.287
14499.46 1 0 0 4.86516 0.08334 21.3766 -1.288
14519.45 1 0 0 4.80834 0.05561 10.4747 -1.282
14539.46 1 0 0 5.64268 0.04036 32.3211 -1.274
14559.49 1 0 0 6.05926 0.04948 41.6855 -1.284
14579.50 1 0 0 4.94677 0.00107 27.0873 -1.297
14599.48 1 0 0 5.10820 0.18569 27.8082 -1.298
14619.49 1 0 0 5.35697 0.22133 21.3556 -1.258
14639.44 1 0 0 5.48831 0.20652 34.9063 -1.224
14659.45 1 0 0 3.79686 0.07054 15.1448 -1.231
14679.49 1 0 0 5.23469 0.09380 28.6303 -1.257
14699.45 1 0 0 4.92288 0.18901 24.529 -1.246
14719.46 1 0 0 5.82320 0.05848 36.3122 -1.281
14739.45 1 0 0 5.70677 -0.02122 40.9758 -1.291
14759.45 1 0 0 5.69415 -0.05069 52.188 -1.318
14779.46 1 0 0 5.59315 0.10418 35.1305 -1.306
14799.47 1 0 0 4.23050 0.18251 36.6174 -1.292
14819.47 1 0 0 5.36962 0.14847 35.2289 -1.293
14839.49 1 0 0 5.15030 0.19327 23.2621 -1.290
14859.48 1 0 0 4.68229 0.13504 35.5972 -1.272
14879.50 1 0 0 4.71378 0.05596 34.1861 -1.267
14899.49 1 0 0 4.98592 0.11414 43.8627 -1.273
14919.50 1 0 0 4.89759 0.01245 44.4159 -1.282
14939.45 1 0 0 3.57845 0.03921 15.1277 -1.278
14959.56 1 0 0 5.06536 0.14533 38.9576 -1.264
14979.52 1 0 0 4.37569 0.18351 34.619 -1.270
14999.48 1 0 0 4.35596 0.19881 40.6878 -1.289
15019.49 1 0 0 4.23648 0.06829 26.5366 -1.278
15039.48 1 0 0 3.55827 -0.01139 26.1159 -1.269
15059.45 1 0 0 4.32500 0.11712 33.7808 -1.269
15079.24 1 0 0 3.80875 0.11119 29.3189 -1.295
15099.48 1 0 0 4.56774 0.05610 46.2487 -1.307
15119.50 1 0 0 4.84521 0.00642 37.9328 -1.291
15139.45 1 0 0 3.45150 0.04207 37.2432 -1.297
15159.47 1 0 0 4.57080 0.12007 40.9279 -1.318
15179.47 1 0 0 3.33646 0.12972 27.2966 -1.326
15199.50 1 0 0 4.47529 0.14213 40.5884 -1.293
15219.50 1 0 0 2.43244 0.05841 26.8909 -1.311
15239.48 1 0 0 3.21983 0.08582 31.5898 -1.321
15259.46 1 0 0 2.63494 0.19771 20.6639 -1.321
15279.25 1 0 0 4.36252 0.18510 37.9553 -1.305
15299.48 1 0 0 3.15691 0.09543 27.094 -1.286
15319.45 1 0 0 2.48808 0.04921 23.4765 -1.296
15339.44 1 0 0 2.98461 0.13013 27.8694 -1.269
15359.45 1 0 0 3.28460 0.10133 45.6844 -1.302
15379.49 1 0 0 3.92899 -0.02340 43.8584 -1.308
15399.45 1 0 0 3.55042 0.10732 37.4642 -1.305
15419.49 1 0 0 4.11342 0.08488 45.5567 -1.271
15439.44 1 0 0 2.22999 0.03156 29.0063 -1.262
15459.49 1 0 0 2.29174 0.15005 20.166 -1.270
15479.48 1 0 0 3.34439 0.09297 40.4226 -1.273
15499.47 1 0 0 2.36329 0.13401 34.8108 -1.262
15519.49 1 0 0 2.86161 0.00238 29.6926 -1.266
15539.49 1 0 0 2.82246 0.12738 42.1128 -1.272
15559.47 1 0 0 3.36440 0.02037 46.7704 -1.293
15579.44 1 0 0 3.80447 0.01123 42.1183 -1.305
15599.48 1 0 0 3.30014 0.16506 48.7569 -1.282
15619.49 1 0 0 2.97538 -0.01000 43.9747 -1.275
15639.47 1 0 0 2.85230 0.03233 33.8064 -1.282
15659.48 1 0 0 2.29426 0.02064 28.4756 -1.267
15679.25 1 0 0 3.33340 -0.07008 43.7645 -1.265
15699.45 1 0 0 1.63549 0.12483 27.2178 -1.249
15719.46 1 0 0 2.54619 0.04344 31.5893 -1.231
15739.50 1 0 0 2.37348 -0.12392 35.1781 -1.228
15759.45 1 0 0 2.78086 -0.08643 37.768 -1.264
15779.45 1 0 0 2.32064 0.09272 32.2954 -1.258
15799.48 1 0 0 2.51104 0.03134 36.3496 -1.289
15819.49 1 0 0 3.37609 -0.02912 49.0665 -1.285
15839.48 1 0 0 2.63319 0.02441 44.9529 -1.303
15859.44 1 0 0 2.52077 0.08593 41.5132 -1.281
15879.27 1 0 0 2.84701 0.24497 28.2298 -1.256
15899.47 1 0 0 1.16473 0.30319 27.261 -1.261
15919.49 1 0 0 1.18626 0.25635 10.8915 -1.270
15939.45 1 0 0 2.07569 0.10077 41.2096 -1.272
15959.47 1 0 0 2.52967 0.07296 44.0956 -1.280
15979.45 1 0 0 1.44212 0.06874 29.0026 -1.271
15999.48 1 0 0 0.14126 0.16421 17.9808 -1.264
16019.47 1 0 0 2.29352 -0.04544 48.4473 -1.279
16039.45 1 0 0 2.15784 0.04799 35.3312 -1.292
16059.48 1 0 0 1.07491 -0.04881 33.2831 -1.269
16079.45 1 0 0 2.92195 0.15637 39.564 -1.241
16099.48 1 0 0 2.80745 0.16069 44.7928 -1.277
16119.47 1 0 0 2.17874 0.13501 28.1217 -1.263
16139.48 1 0 0 1.85564 0.13314 42.2803 -1.286
16159.46 1 0 0 1.32962 0.07984 24.7297 -1.303
16179.47 1 0 0 0.88931 0.06086 18.5421 -1.298
16199.47 1 0 0 0.78261 0.05840 15.7006 -1.286
16219.46 1 0 0 1.60055 0.09997 36.3845 -1.290
16239.48 1 0 0 1.07430 0.03316 31.1848 -1.290
16259.60 1 0 0 1.59954 0.11822 38.3272 -1.280
16279.61 1 0 0 1.95057 0.11287 32.7458 -1.269
16299.56 1 0 0 1.64557 0.05469 35.9528 -1.256
16319.48 1 0 0 1.40036 0.04840 28.4302 -1.253
16339.47 1 0 0 1.11130 0.26136 20.4932 -1.278
16359.45 1 0 0 1.90283 0.31444 38.4438 -1.295
16379.46 1 0 0 1.33151 0.08558 33.4244 -1.293
16399.45 1 0 0 1.88364 0.11933 27.1775 -1.273
16419.45 1 0 0 2.72118 0.12209 44.8953 -1.261
16439.48 1 0 0 1.34248 0.07864 46.6094 -1.250
16459.50 1 0 0 2.44588 0.04388 39.6153 -1.250
16479.47 1 0 0 1.42925 0.05149 28.9328 -1.259
16499.48 1 0 0 0.37322 0.12043 19.6189 -1.254
16519.50 1 0 0 0.52946 0.07751 13.7043 -1.275
16539.45 1 0 0 -0.34889 0.11133 13.5669 -1.301
16559.47 1 0 0 0.80022 0.22064 22.5551 -1.272
16579.44 1 0 0 1.69837 0.20727 39.382 -1.279
16599.45 1 0 0 2.00284 0.21802 39.8681 -1.267
16619.48 1 0 0 1.90097 0.04064 37.6588 -1.298
16639.44 1 0 0 2.03664 0.00890 37.6544 -1.262
16659.47 1 0 0 1.17379 0.16449 35.2184 -1.290
16679.47 1 0 0 0.63001 0.18452 13.5671 -1.260
16699.47 1 0 0 1.79873 0.10381 39.6266 -1.298
16719.48 1 0 0 1.81351 0.07308 29.0773 -1.305
16739.47 1 0 0 1.42206 0.15180 20.6776 -1.301
16759.50 1 0 0 1.30581 0.04273 32.4137 -1.321
16779.48 1 0 0 1.29760 0.04236 27.2838 -1.332
16799.48 1 0 0 2.10051 0.03824 39.6728 -1.323
16819.51 1 0 0 1.95242 0.07474 32.5288 -1.290
16839.48 1 0 0 1.63856 0.05941 34.3086 -1.291
16859.47 1 0 0 2.10206 -0.06985 42.603 -1.301
16879.46 1 0 0 0.47644 0.09128 18.2296 -1.295
16899.45 1 0 0 1.45738 0.04849 33.5282 -1.312
16919.45 1 0 0 0.98953 0.09995 23.7576 -1.298
16939.47 1 0 0 1.50506 0.24636 22.087 -1.309
16959.46 1 0 0 1.53490 0.13887 41.5132 -1.315
16979.44 1 0 0 1.86506 0.12466 40.3714 -1.296
16999.45 1 0 0 0.42257 0.13952 13.9739 -1.286
17019.45 1 0 0 2.31530 0.06141 49.6594 -1.293
17039.44 1 0 0 0.34577 0.01386 15.411 -1.300
17059.45 1 0 0 1.29204 0.18991 33.4519 -1.304
17079.45 1 0 0 0.73108 0.07305 24.6895 -1.310
17099.45 1 0 0 1.67019 -0.06221 25.3079 -1.288
17119.46 1 0 0 1.86480 0.02328 43.3001 -1.316
17139.49 1 0 0 1.40498 0.16936 26.7725 -1.309
17159.45 1 0 0 1.96598 0.03160 29.1737 -1.308
17179.45 1 0 0 0.43887 0.06051 14.2987 -1.288
17199.47 1 0 0 0.29828 0.02543 7.73956 -1.301
17219.45 1 0 0 1.32423 0.04650 20.389 -1.299
17239.45 1 0 0 2.43651 0.10656 45.6567 -1.309
17259.46 1 0 0 0.49540 0.16076 26.0454 -1.323
17279.46 1 0 0 1.26697 0.29449 20.555 -1.310
17299.45 1 0 0 2.49598 0.10015 42.7404 -1.299
17319.49 1 0 0 0.49834 -0.00870 20.7648 -1.282
17339.48 1 0 0 0.64376 -0.03024 20.9751 -1.285
17359.49 1 0 0 1.29024 0.10522 31.1139 -1.294
17379.50 1 0 0 2.38664 0.21224 34.4627 -1.303
17399.48 1 0 0 1.25446 0.11617 22.4736 -1.297
17419.48 1 0 0 -0.69066 0.03700 0.934389 -1.285
17439.47 1 0 0 1.65250 -0.05639 27.9414 -1.307
17459.45 1 0 0 0.87758 -0.04443 11.3702 -1.295
17479.49 1 0 0 0.99044 0.02231 24.791 -1.303
17499.44 1 0 0 2.44595 0.15294 50.9545 -1.285
17519.60 1 0 0 2.16126 0.07411 31.2029 -1.255
17539.57 1 0 0 2.71256 0.14251 36.5017 -1.253
17559.55 1 0 0 2.24325 0.05450 33.528 -1.249
17579.51 1 0 0 2.47323 0.00081 51.8591 -1.256
17599.50 1 0 0 2.04565 0.09724 31.8318 -1.270
17619.46 1 0 0 0.22764 -0.01836 2.95612 -1.268
17639.45 1 0 0 -0.31448 0.09872 16.0427 -1.277
17659.46 1 0 0 0.61621 0.05677 16.5193 -1.249
17679.45 1 0 0 1.98786 0.02463 30.1961 -1.240
17699.48 1 0 0 0.26322 0.27335 15.3018 -1.255
17719.48 1 0 0 2.45405 0.00565 39.0078 -1.235
17739.45 1 0 0 1.37667 0.05322 26.2498 -1.275
17759.45 1 0 0 1.25503 0.14798 31.746 -1.280
17779.45 1 0 0 1.63685 0.14962 38.5891 -1.284
17799.47 1 0 0 2.04097 0.13660 36.7832 -1.306
17819.45 1 0 0 2.34803 0.06911 29.7864 -1.310
17839.48 1 0 0 1.86106 0.05971 21.6803 -1.300
17859.48 1 0 0 2.82836 0.15138 34.8765 -1.297
17879.47 1 0 0 2.19270 0.06230 27.8659 -1.306
17899.49 1 0 0 1.59760 0.09074 13.6987 -1.288
17919.49 1 0 0 2.89306 -0.08389 42.7345 -1.283
17939.47 1 0 0 0.81630 0.04464 21.1508 -1.295
17959.45 1 0 0 0.69856 0.00974 11.7863 -1.291
17979.49 1 0 0 1.99652 0.17383 35.2753 -1.291
17999.45 1 0 0 2.75997 0.10689 27.9865 -1.272
18019.46 1 0 0 1.43025 0.11655 21.349 -1.269
18039.48 1 0 0 1.20042 -0.00271 27.1749 -1.302
18059.50 1 0 0 1.02006 0.05621 28.3375 -1.308
18079.48 1 0 0 1.67043 0.21429 26.0612 -1.311
18099.45 1 0 0 1.53876 0.17640 20.0883 -1.312
18119.47 1 0 0 0.59683 0.05786 9.9861 -1.323
18139.48 1 0 0 2.48485 0.14554 36.8641 -1.337
18159.45 1 0 0 1.79221 0.09423 26.6097 -1.324
18179.46 1 0 0 1.87143 0.01318 28.5557 -1.320
18199.49 1 0 0 2.66972 -0.05151 33.3942 -1.320
18219.49 1 0 0 3.05597 -0.00769 43.2846 -1.311
18239.45 1 0 0 2.20916 0.09647 35.2718 -1.324
18259.45 1 0 0 1.12999 0.09851 27.5234 -1.332
18279.47 1 0 0 1.60023 0.02860 29.5128 -1.311
18299.45 1 0 0 1.03474 0.17253 9.36907 -1.298
18319.46 1 0 0 0.91618 0.03137 13.0799 -1.311
18339.49 1 0 0 1.57983 0.06554 22.1972 -1.315
18359.50 1 0 0 1.80007 0.07609 20.5034 -1.330
18379.47 1 0 0 1.73373 0.16902 24.2407 -1.325
18399.49 1 0 0 1.93670 -0.00507 28.6667 -1.327
18419.50 1 0 0 1.38116 0.00539 29.9455 -1.330
18439.48 1 0 0 1.37180 0.15421 14.2751 -1.310
18459.47 1 0 0 1.63415 -0.04942 28.7313 -1.344
18479.44 1 0 0 2.96315 0.12827 43.0504 -1.375
18499.49 1 0 0 1.88349 0.05040 13.4672 -1.323
18519.48 1 0 0 1.80887 -0.01603 25.6191 -1.316
18539.48 1 0 0 2.93096 -0.01320 33.0752 -1.314
18559.48 1 0 0 -0.12037 0.12251 6.74472 -1.336
18579.46 1 0 0 2.54387 0.10093 30.3745 -1.323
18599.46 1 0 0 3.13118 0.07161 42.9781 -1.304
18619.49 1 0 0 1.86618 0.17590 26.6331 -1.297
18639.47 1 0 0 1.69422 0.04170 23.0486 -1.287
18659.45 1 0 0 1.52895 0.05210 14.6413 -1.268
18679.48 1 0 0 2.11584 0.20543 30.3688 -1.271
18699.45 1 0 0 1.70795 0.14945 28.7024 -1.255
18719.48 1 0 0 3.01999 0.04877 29.9969 -1.270
18739.46 1 0 0 0.96847 0.35013 21.8028 -1.284
18759.45 1 0 0 2.27021 0.17844 24.3098 -1.290
18779.46 1 0 0 2.03341 0.12342 24.4123 -1.281
18799.44 1 0 0 3.00165 0.10357 41.5317 -1.275
18819.44 1 0 0 3.20283 0.06263 39.0925 -1.282
18839.60 1 0 0 1.86815 0.10285 14.4821 -1.287
18859.57 1 0 0 1.88404 0.22209 30.1597 -1.291
18879.55 1 0 0 1.81600 0.23876 29.3621 -1.288
18899.47 1 0 0 1.62296 0.25284 19.7893 -1.291
18919.50 1 0 0 0.92193 0.15229 19.0042 -1.283
18939.46 1 0 0 1.95781 0.15678 18.7693 -1.255
18959.44 1 0 0 0.93636 0.07885 18.0188 -1.248
18979.48 1 0 0 2.53607 0.01254 26.6293 -1.259
18999.47 1 0 0 2.42136 0.14823 37.2739 -1.302
19019.46 1 0 0 1.36589 0.06173 25.3326 -1.306
19039.48 1 0 0 3.54409 0.14130 43.2612 -1.317
19059.47 1 0 0 1.48343 0.17931 18.8459 -1.303
19079.50 1 0 0 2.15167 0.06159 32.9984 -1.312
19099.50 1 0 0 1.91949 0.16353 25.5355 -1.303
19119.45 1 0 0 2.16419 0.23286 26.7398 -1.278
19139.47 1 0 0 1.87953 0.26624 18.343 -1.287
19159.48 1 0 0 2.84882 0.23080 34.2305 -1.268
19179.45 1 0 0 2.52654 0.07116 31.5418 -1.276
19199.45 1 0 0 1.93680 0.08693 27.614 -1.287
19219.48 1 0 0 1.00480 0.12643 9.08464 -1.269
19239.25 1 0 0 3.43328 0.12850 37.8286 -1.281
19259.48 1 0 0 1.87560 0.07879 12.2594 -1.246
19279.49 1 0 0 2.64923 0.05019 36.1834 -1.251
19299.49 1 0 0 2.69140 0.09202 30.4346 -1.280
19319.44 1 0 0 3.46354 0.10974 49.3817 -1.263
19339.50 1 0 0 2.27807 0.06821 24.497 -1.267
19359.47 1 0 0 1.49023 0.12569 19.7808 -1.268
19379.49 1 0 0 1.87882 0.28714 22.9201 -1.276
19399.49 1 0 0 1.62196 0.12900 7.44608 -1.275
19419.49 1 0 0 2.47121 0.14648 26.0027 -1.278
19439.49 1 0 0 2.80298 0.26042 28.686 -1.261
19459.45 1 0 0 1.59930 0.07387 13.4594 -1.285
19479.46 1 0 0 2.83428 0.09302 39.5119 -1.300
19499.47 1 0 0 2.49930 -0.00377 26.138 -1.284
19519.45 1 0 0 2.95297 0.05922 34.3551 -1.296
19539.47 1 0 0 2.10354 0.09771 19.0822 -1.300
19559.46 1 0 0 1.46531 0.15332 9.57004 -1.279
19579.44 1 0 0 1.45953 0.03255 14.4798 -1.270
19599.46 1 0 0 1.43244 0.05418 24.2036 -1.293
19619.45 1 0 0 2.58386 -0.11776 29.5319 -1.282
19639.45 1 0 0 1.95194 0.01761 21.3193 -1.294
19659.44 1 0 0 2.46313 0.07909 20.8646 -1.302
19679.48 1 0 0 1.07633 -0.01877 23.1749 -1.312
19699.48 1 0 0 1.57273 -0.03822 26.7065 -1.318
19719.44 1 0 0 1.72486 0.02836 18.8809 -1.285
19739.46 1 0 0 2.11414 0.01260 26.4792 -1.269
19759.48 1 0 0 1.23107 -0.01675 17.0229 -1.255
19779.48 1 0 0 2.07375 0.14524 29.2787 -1.252
19799.50 1 0 0 2.51369 0.13079 30.5138 -1.247
19819.45 1 0 0 1.40698 0.14641 20.5664 -1.255
19839.45 1 0 0 1.48087 -0.01321 24.4898 -1.252
19859.49 1 0 0 2.19305 -0.00513 39.2576 -1.236
19879.47 1 0 0 2.56829 -0.02062 32.3893 -1.256
19899.46 1 0 0 1.65587 -0.01690 26.4138 -1.275
19919.45 1 0 0 3.46317 0.00501 42.0679 -1.259
19939.47 1 0 0 2.16766 -0.04107 26.5987 -1.265
19959.49 1 0 0 2.26184 0.00618 17.5303 -1.271
19979.48 1 0 0 1.83574 0.14868 19.4165 -1.279
19999.48 1 0 0 -0.37204 -0.07289 -7.6615 -1.292
20019.45 1 0 0 0.85954 0.14587 4.64453 -1.295
20039.49 1 0 0 1.27607 0.11196 17.6254 -1.284
20059.46 1 0 0 2.27504 0.06041 34.5096 -1.294
20079.48 1 0 0 0.96307 0.19296 17.7176 -1.306
20099.47 1 0 0 1.47620 0.13781 17.2917 -1.291
20119.45 1 0 0 1.36124 0.28676 19.8957 -1.309
20139.59 1 0 0 1.98805 0.19297 29.8156 -1.323
20159.54 1 0 0 3.74791 0.20903 41.1016 -1.300
20179.49 1 0 0 0.69394 0.27512 6.81447 -1.276
20199.50 1 0 0 0.57138 0.22112 6.96663 -1.289
20219.25 1 0 0 2.68232 0.06992 41.1312 -1.303
20239.46 1 0 0 2.36016 0.03006 21.0731 -1.312
20259.46 1 0 0 2.77964 0.11929 31.4757 -1.312
20279.45 1 0 0 4.02644 0.11043 53.9322 -1.308
20299.48 1 0 0 2.25241 0.03876 31.7735 -1.312
20319.50 1 0 0 2.31291 0.17598 23.1048 -1.302
20339.46 1 0 0 1.76719 0.23622 24.0488 -1.292
20359.47 1 0 0 2.99958 0.16156 39.4741 -1.280
20379.46 1 0 0 2.19985 0.09019 39.009 -1.290
20399.48 1 0 0 3.20862 0.13450 32.2145 -1.294
20419.45 1 0 0 2.73052 0.05683 32.5068 -1.260
20439.46 1 0 0 3.52039 0.10698 54.0644 -1.232
20459.45 1 0 0 2.37320 0.15295 35.7528 -1.224
20479.50 1 0 0 2.22109 0.10275 28.5783 -1.237
20499.50 1 0 0 2.08052 -0.00221 34.773 -1.262
20519.47 1 0 0 2.33879 0.03913 19.235 -1.297
20539.48 1 0 0 0.84850 -0.13591 13.1299 -1.271
20559.46 1 0 0 2.01100 0.08785 26.7056 -1.278
20579.48 1 0 0 3.20566 0.17781 38.7066 -1.271
20599.46 1 0 0 2.29415 0.12155 24.1565 -1.266
20619.46 1 0 0 2.65643 0.12739 35.9532 -1.271
20639.46 1 0 0 1.62427 0.16991 20.5481 -1.284
20659.50 1 0 0 1.94454 0.27778 28.1351 -1.253
20679.45 1 0 0 1.31203 0.24467 15.0926 -1.266
20699.47 1 0 0 2.23688 0.19152 32.3936 -1.290
20719.48 1 0 0 2.47211 0.16206 42.1879 -1.327
20739.47 1 0 0 1.85548 0.12696 16.7581 -1.305
20759.46 1 0 0 1.04897 0.12755 21.1656 -1.279
20779.46 1 0 0 1.95353 0.20313 33.4968 -1.277
20799.45 1 0 0 1.57942 0.13825 31.5336 -1.287
20819.29 1 0 0 3.01266 0.15569 38.9657 -1.309
20839.46 1 0 0 2.35188 0.11424 32.3658 -1.302
20859.44 1 0 0 2.39241 0.02636 24.6265 -1.271
20879.49 1 0 0 0.45881 -0.03971 9.75377 -1.276
20899.47 1 0 0 1.88196 0.02075 23.468 -1.274
20919.49 1 0 0 2.31231 0.00824 35.2446 -1.281
20939.50 1 0 0 0.10015 0.10324 -4.34333 -1.281
20959.46 1 0 0 1.29696 0.22069 19.5529 -1.266
20979.45 1 0 0 0.78064 0.15223 11.793 -1.300
20999.47 1 0 0 1.86618 0.12442 25.1799 -1.290
21019.46 1 0 0 0.93335 -0.05553 15.7241 -1.294
21039.46 1 0 0 2.11102 0.07128 23.2653 -1.288
21059.46 1 0 0 1.29684 0.03742 22.5426 -1.286
21079.48 1 0 0 1.99965 0.15680 22.7015 -1.314
21099.46 1 0 0 2.20984 0.08444 22.8424 -1.337
21119.46 1 0 0 2.76096 0.13789 35.2655 -1.347
21139.45 1 0 0 0.98300 0.03452 21.2022 -1.312
21159.45 1 0 0 2.82175 0.04444 41.0469 -1.294
21179.46 1 0 0 2.76795 0.10087 36.8104 -1.283
21199.45 1 0 0 1.84704 0.12086 11.5355 -1.297
21219.47 1 0 0 0.44798 0.08959 9.33965 -1.300
21239.48 1 0 0 1.66118 0.17485 10.2137 -1.299
21259.46 1 0 0 1.28639 0.18701 12.0585 -1.310
21279.49 1 0 0 2.64663 0.18110 38.1263 -1.279
21299.48 1 0 0 3.09417 0.11869 37.5721 -1.283
21319.49 1 0 0 2.92625 0.17737 28.9953 -1.257
21339.49 1 0 0 2.86492 0.21116 36.6781 -1.233
21359.45 1 0 0 2.96788 0.17690 41.4437 -1.238
21379.45 1 0 0 2.55932 0.07593 32.4512 -1.253
21399.49 1 0 0 1.50531 0.26191 20.0561 -1.276
21419.49 1 0 0 2.52441 0.37373 34.528 -1.265
21439.45 1 0 0 1.21899 0.03809 28.2866 -1.283
21459.60 1 0 0 2.47304 0.00698 22.7465 -1.278
21479.56 1 0 0 0.78018 0.21225 7.03949 -1.292
21499.49 1 0 0 2.38584 0.11468 28.7504 -1.273
21519.50 1 0 0 1.85317 0.07523 25.8915 -1.289
21539.46 1 0 0 2.13102 -0.03422 32.3822 -1.303
21559.48 1 0 0 1.77269 -0.14033 15.0309 -1.295
21579.46 1 0 0 2.36547 -0.10434 20.9167 -1.294
21599.50 1 0 0 2.19065 0.07548 30.4852 -1.308
21619.46 1 0 0 1.87642 0.06570 21.7179 -1.316
21639.49 1 0 0 1.08812 0.17639 5.08544 -1.307
21659.48 1 0 0 2.41396 0.09361 27.8312 -1.320
21679.47 1 0 0 2.49535 0.12386 29.8891 -1.346
21699.48 1 0 0 2.09047 0.19886 28.2706 -1.329
21719.49 1 0 0 2.66382 -0.00319 30.8822 -1.310
21739.48 1 0 0 0.42829 0.02731 -0.74514 -1.277
21759.48 1 0 0 1.78822 0.16656 13.5158 -1.269
21779.48 1 0 0 1.71873 0.00619 20.2722 -1.303
21799.27 1 0 0 2.32790 0.08386 23.9018 -1.297
21819.49 1 0 0 0.98315 0.05703 15.2724 -1.317
21839.50 1 0 0 2.52179 0.10216 30.5072 -1.311
21859.47 1 0 0 1.70224 0.04584 27.2633 -1.326
21879.46 1 0 0 2.59840 0.01680 38.0949 -1.315
21899.45 1 0 0 1.75943 0.10699 23.3688 -1.334
21919.45 1 0 0 0.85621 0.17406 9.95008 -1.336
21939.49 1 0 0 1.93874 0.25875 23.3787 -1.334
21959.50 1 0 0 1.28322 0.19368 24.9757 -1.316
21979.47 1 0 0 2.75877 0.15508 37.9972 -1.314
21999.46 1 0 0 2.92877 0.04762 34.7702 -1.315
22019.46 1 0 0 4.24316 0.18065 55.4779 -1.310
22039.47 1 0 0 0.67601 0.06909 9.80567 -1.293
22059.46 1 0 0 1.58525 0.13854 29.4843 -1.291
22079.49 1 0 0 1.36015 0.13044 24.5891 -1.317
22099.49 1 0 0 2.55796 0.02653 27.2695 -1.317
22119.50 1 0 0 1.65295 0.12380 26.9732 -1.305
22139.49 1 0 0 0.34741 0.12674 1.42003 -1.272
22159.49 1 0 0 1.64851 0.05759 25.7034 -1.286
22179.46 1 0 0 1.58107 0.22469 20.1251 -1.308
22199.45 1 0 0 1.21917 0.08809 15.9655 -1.288
22219.48 1 0 0 2.02775 0.03813 27.9032 -1.280
22239.45 1 0 0 1.32492 0.06432 13.3925 -1.283
22259.49 1 0 0 2.49368 0.04920 35.0375 -1.304
22279.49 1 0 0 1.45772 0.01022 30.2686 -1.282
22299.49 1 0 0 2.78637 -0.09861 38.6268 -1.297
22319.45 1 0 0 2.67789 0.03986 32.0146 -1.335
22339.48 1 0 0 1.20293 -0.06322 24.7276 -1.296
22359.46 1 0 0 1.38625 -0.04272 13.5435 -1.281
22379.48 1 0 0 3.10548 0.07808 30.6834 -1.287
22399.45 1 0 0 1.06562 0.03562 15.1212 -1.277
22419.50 1 0 0 1.18985 -0.05142 18.187 -1.282
22439.45 1 0 0 1.79002 0.01513 23.5941 -1.266
22459.46 1 0 0 2.10301 0.11440 29.7709 -1.281
22479.48 1 0 0 1.84115 0.02554 14.1626 -1.311
22499.45 1 0 0 2.16766 -0.05052 26.8658 -1.313
22519.48 1 0 0 -0.14027 -0.07359 -3.11864 -1.301
22539.48 1 0 0 0.85940 -0.01792 13.2433 -1.282
22559.46 1 0 0 2.20326 0.07879 27.8994 -1.254
22579.50 1 0 0 2.24843 0.00541 32.7922 -1.257
22599.48 1 0 0 3.75777 0.24397 45.4879 -1.309
22619.49 1 0 0 2.38242 0.25151 35.4331 -1.317
22639.46 1 0 0 2.89207 0.03573 34.9504 -1.321
22659.46 1 0 0 2.50054 -0.06379 35.9284 -1.314
22679.45 1 0 0 1.84264 0.00660 19.3188 -1.335
22699.45 1 0 0 1.69052 0.00882 32.0547 -1.329
22719.45 1 0 0 1.93647 -0.06887 28.3313 -1.317
22739.48 1 0 0 1.64085 -0.00695 24.6759 -1.319
22759.46 1 0 0 2.52895 0.09399 24.8302 -1.316
22779.59 1 0 0 2.35053 -0.02958 33.0978 -1.309
22799.59 1 0 0 1.97599 0.14603 19.2318 -1.337
22819.53 1 0 0 2.90661 0.13771 37.8674 -1.345
22839.50 1 0 0 2.28699 0.13114 33.4065 -1.327
22859.45 1 0 0 2.23052 0.11673 26.1228 -1.286
22879.48 1 0 0 2.38205 0.10108 29.5946 -1.277
22899.46 1 0 0 2.27143 0.03681 21.0069 -1.279
22919.46 1 0 0 1.50377 0.03364 23.2802 -1.248
22939.49 1 0 0 3.14106 0.17696 42.913 -1.208
22959.46 1 0 0 1.57364 0.10490 6.74701 -1.194
22979.47 1 0 0 1.17695 -0.03476 20.8905 -1.212
22999.46 1 0 0 1.72690 0.04580 23.9952 -1.227
23019.49 1 0 0 2.41112 0.06445 25.1574 -1.234
23039.45 1 0 0 1.76119 0.03857 20.4937 -1.230
23059.46 1 0 0 2.24304 0.06912 35.3248 -1.242
23079.48 1 0 0 1.96949 0.12210 20.8258 -1.245
23099.46 1 0 0 0.80603 0.02365 12.8579 -1.274
23119.47 1 0 0 1.56115 -0.05915 24.2153 -1.257
23139.48 1 0 0 2.38629 0.08137 33.5792 -1.284
23159.45 1 0 0 1.77539 0.00100 30.438 -1.278
23179.48 1 0 0 0.96450 0.00784 14.3101 -1.267
23199.46 1 0 0 2.37155 -0.04541 27.2776 -1.255
23219.47 1 0 0 1.88559 0.00382 21.1981 -1.260
23239.47 1 0 0 0.13470 0.15674 0.561523 -1.262
23259.48 1 0 0 0.46692 0.22969 5.15854 -1.278
23279.47 1 0 0 0.20884 0.09728 5.45429 -1.289
23619.45 1 0 0 2.37456 0.17643 32.9011 -1.294
23639.45 1 0 0 2.11384 0.10348 28.5017 -1.268
23659.45 1 0 0 1.16635 0.09172 12.25 -1.244
23679.49 1 0 0 2.15923 0.09895 22.3161 -1.274
23699.49 1 0 0 2.67247 0.16302 34.9079 -1.294
23719.51 1 0 0 2.37388 0.15091 34.9244 -1.287
23739.46 1 0 0 1.43943 0.01087 16.1204 -1.298
23759.45 1 0 0 3.21909 0.00164 39.6732 -1.280
23779.49 1 0 0 3.38588 0.04878 39.4594 -1.297
23799.45 1 0 0 2.74537 0.16773 26.8637 -1.278
23819.50 1 0 0 1.98894 0.10290 29.9165 -1.260
23839.45 1 0 0 2.02846 0.16630 35.7926 -1.238
23859.45 1 0 0 2.66947 0.12503 24.9287 -1.258
23879.48 1 0 0 2.33394 0.08347 34.5631 -1.245
23899.47 1 0 0 0.92028 0.06861 17.1763 -1.261
23919.48 1 0 0 -0.15855 0.04442 -4.7998 -1.264
23939.47 1 0 0 1.28091 0.15231 20.195 -1.262
23959.45 1 0 0 1.59056 0.16731 20.2117 -1.280
23979.25 1 0 0 2.19031 0.10501 26.2356 -1.286
23999.49 1 0 0 2.34004 -0.04212 36.4716 -1.285
24019.49 1 0 0 3.88502 0.16132 43.1821 -1.271
24039.48 1 0 0 1.69848 0.14496 20.6854 -1.253
24059.47 1 0 0 0.96920 0.00558 19.0103 -1.281
24079.50 1 0 0 1.80216 0.16005 23.0339 -1.294
24099.45 1 0 0 1.52878 0.02607 20.2349 -1.311
24119.62 1 0 0 2.29083 0.15297 24.0334 -1.287
24139.56 1 0 0 2.44524 0.23926 33.0884 -1.258
24159.52 1 0 0 2.79339 0.06171 32.8662 -1.254
24179.52 1 0 0 2.35878 0.13045 39.1909 -1.252
24199.47 1 0 0 1.81805 0.08078 28.8098 -1.268
24219.46 1 0 0 0.70778 0.13694 15.7867 -1.262
24239.47 1 0 0 1.46168 0.15244 25.0951 -1.294
24259.46 1 0 0 2.01797 0.15233 21.8695 -1.295
24279.49 1 0 0 2.15180 0.21179 25.7209 -1.288
24299.46 1 0 0 1.33543 0.06585 20.703 -1.288
24319.50 1 0 0 2.19789 0.05731 28.0292 -1.289
24339.48 1 0 0 2.03535 0.17969 29.4995 -1.277
24359.44 1 0 0 1.86381 0.12716 25.2978 -1.304
24379.27 1 0 0 2.03332 0.11673 26.3325 -1.300
24399.45 1 0 0 2.52918 0.09911 34.5376 -1.266
24419.48 1 0 0 2.85212 0.05351 37.1503 -1.272
24439.46 1 0 0 3.22782 0.06875 38.3585 -1.297
24459.48 1 0 0 1.47127 0.03401 24.3984 -1.297
24479.46 1 0 0 1.51437 0.19552 17.4848 -1.331
24499.49 1 0 0 1.19132 0.14856 19.918 -1.329
24519.47 1 0 0 3.05611 0.23117 36.0257 -1.288
24539.49 1 0 0 1.33684 -0.03908 23.2022 -1.290
24559.45 1 0 0 1.12469 0.00159 28.5481 -1.321
24579.49 1 0 0 2.95192 0.09711 36.1856 -1.323
24599.46 1 0 0 1.88344 0.03912 31.0393 -1.319
24619.49 1 0 0 1.36242 -0.01518 22.0755 -1.306
24639.46 1 0 0 2.06397 0.03350 27.1903 -1.290
24659.45 1 0 0 2.80937 0.24785 40.3091 -1.290
24679.47 1 0 0 0.84749 0.17056 5.15519 -1.305
24699.67 1 0 0 1.57392 -0.05219 24.9639 -1.298
24719.69 1 0 0 2.36197 -0.03574 36.454 -1.269
24739.66 1 0 0 1.51296 -0.01870 21.7058 -1.277
24759.66 1 0 0 1.32746 -0.08417 12.44 -1.278
24779.71 1 0 0 2.01489 0.13766 28.0863 -1.307
24799.67 1 0 0 1.88713 0.07913 21.1519 -1.281
24819.71 1 0 0 3.11285 0.11031 36.7685 -1.293
24839.71 1 0 0 2.74135 0.09222 36.8273 -1.283
24859.70 1 0 0 1.43607 0.09630 21.2842 -1.291
24879.68 1 0 0 1.99547 0.08942 25.0025 -1.294
24899.66 1 0 0 2.53520 0.11987 29.0275 -1.272
24919.71 1 0 0 0.62282 0.15487 2.43725 -1.311
24939.67 1 0 0 1.26361 0.12997 11.4933 -1.314
24959.67 1 0 0 2.41135 0.09685 25.3019 -1.317
24979.50 1 0 0 2.26690 0.08873 31.8391 -1.291
24999.67 1 0 0 1.79197 0.17477 22.8052 -1.267
25019.67 1 0 0 1.74145 0.05012 19.7237 -1.264
25039.67 1 0 0 2.66799 0.16484 32.1232 -1.287
25059.69 1 0 0 2.14278 0.34292 32.5535 -1.260
25079.70 1 0 0 1.89000 0.21634 33.8096 -1.291
25099.67 1 0 0 2.55171 0.20913 42.9163 -1.276
25119.67 1 0 0 2.82868 0.28119 32.5394 -1.276
25139.69 1 0 0 1.90711 0.09461 14.7048 -1.268
25159.69 1 0 0 2.38459 0.08354 30.7376 -1.288
25179.68 1 0 0 3.00455 0.20104 46.8884 -1.322
25199.67 1 0 0 3.61815 0.09537 45.5255 -1.320
25219.70 1 0 0 3.48935 0.08793 51.695 -1.334
25239.70 1 0 0 1.74929 0.22877 16.7926 -1.297
25259.72 1 0 0 2.61269 0.14267 29.7314 -1.315
25279.69 1 0 0 2.32806 0.13238 25.5982 -1.287
25299.68 1 0 0 2.18479 0.08639 29.2672 -1.271
25319.70 1 0 0 2.97844 -0.00379 34.1225 -1.289
25339.69 1 0 0 2.42174 0.06109 21.1512 -1.312
25359.68 1 0 0 2.94326 -0.01206 39.4146 -1.331
25379.70 1 0 0 1.95529 -0.07499 15.1975 -1.324
25399.68 1 0 0 1.08130 0.06877 19.492 -1.301
25419.65 1 0 0 1.28599 0.17750 9.63619 -1.287
25439.66 1 0 0 2.61973 0.02970 39.2796 -1.283
25459.83 1 0 0 2.09598 0.16442 29.6753 -1.312
25479.77 1 0 0 1.71652 0.27124 22.1194 -1.279
25499.79 1 0 0 1.90450 0.29559 28.4745 -1.269
25519.71 1 0 0 1.73653 0.19209 18.1392 -1.268
25539.66 1 0 0 2.69745 0.12646 35.2047 -1.280
25559.70 1 0 0 0.52271 0.19166 1.00375 -1.280
25579.68 1 0 0 1.56709 0.16875 21.3844 -1.293
25599.68 1 0 0 2.19428 0.13343 28.3517 -1.278
25619.67 1 0 0 2.25903 0.01020 22.7041 -1.274
25639.68 1 0 0 0.30616 0.00945 19.2437 -1.308
25659.70 1 0 0 3.31540 0.05288 45.6116 -1.317
25679.68 1 0 0 2.33420 0.09733 13.3961 -1.289
25699.49 1 0 0 1.82995 0.04734 26.4037 -1.284
25719.50 1 0 0 2.43620 0.00195 29.986 -1.279
25739.48 1 0 0 2.62882 -0.10012 34.9252 -1.269
25759.46 1 0 0 1.60534 -0.00025 22.8659 -1.282
25779.47 1 0 0 3.17104 0.15713 35.4466 -1.291
25799.45 1 0 0 1.30868 -0.02435 24.9609 -1.273
25819.46 1 0 0 2.17005 -0.05794 21.6973 -1.290
25839.46 1 0 0 1.10834 -0.07322 18.5509 -1.294
25859.47 1 0 0 1.22830 0.15367 15.3776 -1.321
25879.45 1 0 0 3.28384 0.18693 30.3384 -1.343
25899.45 1 0 0 2.89467 0.06221 31.4085 -1.353
25919.45 1 0 0 1.49481 0.08545 17.3833 -1.321
25939.49 1 0 0 1.41930 0.14283 17.8855 -1.283
25959.50 1 0 0 1.74287 0.19121 23.5919 -1.284
25979.44 1 0 0 2.88086 0.09943 44.2333 -1.312
25999.46 1 0 0 2.76014 0.09924 35.5733 -1.298
26019.50 1 0 0 2.49729 0.16577 35.4572 -1.304
26039.46 1 0 0 2.98691 0.20177 43.41 -1.321
26059.50 1 0 0 1.73507 0.18497 15.3611 -1.339
26079.49 1 0 0 2.03876 0.18017 26.5216 -1.356
26099.49 1 0 0 2.96582 0.01376 34.027 -1.329
26119.45 1 0 0 2.91606 0.09900 25.9848 -1.311
26139.45 1 0 0 2.56155 0.04483 28.0001 -1.291
26159.47 1 0 0 1.25354 0.12654 26.1192 -1.283
26179.47 1 0 0 3.41448 0.01362 39.7693 -1.273
26199.47 1 0 0 3.01309 0.03567 42.7399 -1.256
26219.45 1 0 0 2.62252 0.12351 31.8356 -1.256
26239.45 1 0 0 3.67502 0.26271 41.1293 -1.289
26259.46 1 0 0 1.16309 -0.00444 9.77674 -1.294
26279.47 1 0 0 0.48359 0.07920 4.12062 -1.319
26299.46 1 0 0 1.48761 0.18964 14.6914 -1.328
26319.47 1 0 0 0.80278 0.21798 12.7745 -1.331
26339.46 1 0 0 2.14618 0.19263 23.0887 -1.368
26359.45 1 0 0 1.56514 0.03306 21.5966 -1.367
26379.46 1 0 0 2.50613 0.07395 32.9545 -1.364
26399.49 1 0 0 0.64249 0.11092 19.7274 -1.360
26419.45 1 0 0 3.36806 0.10452 44.0007 -1.349
26439.48 1 0 0 1.40286 -0.04445 18.1247 -1.300
26459.49 1 0 0 1.14839 0.05595 5.81058 -1.301
26479.46 1 0 0 2.27701 0.03027 28.4447 -1.287
26499.45 1 0 0 1.63568 0.02879 20.1801 -1.293
26519.44 1 0 0 1.71445 0.11238 30.7894 -1.284
26539.47 1 0 0 1.96002 0.02367 33.2577 -1.284
26559.45 1 0 0 0.68640 0.12852 16.7896 -1.293
26579.45 1 0 0 2.48853 0.12093 39.8448 -1.275
26599.50 1 0 0 2.79290 0.00006 41.1757 -1.256
26619.44 1 0 0 3.25802 0.02647 38.4642 -1.272
26639.50 1 0 0 1.56301 0.14825 26.4582 -1.280
26659.45 1 0 0 1.21845 0.14441 15.5144 -1.296
26679.48 1 0 0 -0.48062 0.08476 0.886553 -1.285
26699.48 1 0 0 1.78520 0.00263 19.8886 -1.298
26719.49 1 0 0 1.85962 0.06993 17.5458 -1.290
26739.45 1 0 0 1.79797 0.18467 19.3866 -1.290
26759.45 1 0 0 1.73046 0.02184 27.5067 -1.274
26779.45 1 0 0 3.00335 0.02400 25.3687 -1.268
26799.58 1 0 0 0.20883 -0.03144 4.87545 -1.272
26819.51 1 0 0 2.21965 0.03898 27.4378 -1.280
26839.52 1 0 0 2.43106 0.05540 26.3651 -1.274
26859.45 1 0 0 0.91168 0.23280 10.4694 -1.276
26879.49 1 0 0 1.57422 0.27337 15.8383 -1.287
26899.50 1 0 0 2.97181 0.25371 40.4009 -1.274
26919.48 1 0 0 2.31852 -0.03174 26.299 -1.291
26939.45 1 0 0 1.41856 -0.03276 22.2923 -1.276
26959.49 1 0 0 0.22513 0.07228 4.14196 -1.284
26979.48 1 0 0 1.68877 -0.07269 25.1488 -1.266
26999.50 1 0 0 1.10394 0.11086 14.2955 -1.270
27019.49 1 0 0 1.85584 0.17413 24.1475 -1.291
27039.49 1 0 0 1.48183 -0.11600 25.3664 -1.302
27059.44 1 0 0 1.83298 0.11402 30.0761 -1.307
27079.46 1 0 0 1.71953 0.16221 18.9361 -1.297
27099.49 1 0 0 1.80299 0.00665 32.3013 -1.281
27119.48 1 0 0 1.65551 -0.02957 25.864 -1.288
27139.45 1 0 0 3.37871 -0.12687 41.9669 -1.286
27159.45 1 0 0 1.33686 0.12555 17.2185 -1.305
27179.49 1 0 0 1.28693 0.05928 29.0362 -1.328
27199.46 1 0 0 2.10483 0.18631 19.75 -1.300
27219.44 1 0 0 1.62059 -0.00637 13.2278 -1.288
27239.47 1 0 0 2.22946 0.02992 19.9128 -1.303
27259.45 1 0 0 3.64253 0.14368 39.5488 -1.307
27279.44 1 0 0 1.72027 0.12323 22.7896 -1.305
27299.45 1 0 0 1.91548 0.06682 17.201 -1.320
27319.47 1 0 0 2.50239 -0.00553 35.5272 -1.292
27339.50 1 0 0 2.53025 0.04747 34.5822 -1.274
27359.47 1 0 0 1.95774 0.10004 21.39 -1.280
27379.50 1 0 0 1.75841 0.08537 21.3206 -1.278
27399.49 1 0 0 1.48862 0.09070 11.7736 -1.295
27419.50 1 0 0 2.86106 0.09714 29.9326 -1.306
27439.48 1 0 0 2.76795 -0.02118 33.2318 -1.280
27459.45 1 0 0 1.38853 0.03621 23.1863 -1.305
27479.48 1 0 0 3.10506 0.05679 38.4136 -1.319
27499.46 1 0 0 2.85723 0.13136 32.8329 -1.313
27519.49 1 0 0 1.77606 0.05339 17.0751 -1.294
27539.46 1 0 0 0.41237 0.03607 1.68578 -1.289
27559.45 1 0 0 1.47150 0.10939 24.0797 -1.297
27579.50 1 0 0 1.96445 0.11575 30.916 -1.310
27599.49 1 0 0 2.16860 0.29721 20.4746 -1.294
27619.47 1 0 0 2.13028 0.28427 32.5315 -1.333
27639.45 1 0 0 1.62617 0.14096 25.0306 -1.319
27659.46 1 0 0 1.35050 0.20195 19.1589 -1.334
27679.46 1 0 0 1.93040 0.17107 19.364 -1.301
27699.48 1 0 0 1.71773 0.06138 19.0979 -1.302
27719.47 1 0 0 1.75929 0.08391 14.5593 -1.310
27739.45 1 0 0 2.88984 0.13508 32.1804 -1.298
27759.46 1 0 0 2.58348 0.17008 41.5705 -1.270
27779.46 1 0 0 2.71219 0.09092 34.154 -1.269
27799.44 1 0 0 2.26513 0.17422 27.8905 -1.269
27819.47 1 0 0 0.84325 0.08454 14.9417 -1.234
27839.49 1 0 0 2.52142 0.08325 35.4472 -1.236
27859.47 1 0 0 1.60777 -0.04348 19.3826 -1.256
27879.46 1 0 0 0.46402 0.12583 9.70687 -1.244
27899.49 1 0 0 1.68060 0.12774 28.1158 -1.264
27919.44 1 0 0 2.96850 0.06459 39.7167 -1.301
27939.28 1 0 0 0.71381 0.08118 14.809 -1.284
27959.45 1 0 0 -0.07309 0.11897 5.74571 -1.279
27979.50 1 0 0 1.63224 0.17686 21.0098 -1.267
27999.49 1 0 0 2.06386 0.12610 35.7904 -1.291
28019.49 1 0 0 2.66041 0.00225 37.9647 -1.299
28039.50 1 0 0 1.71962 -0.01924 26.0389 -1.301
28059.47 1 0 0 2.51337 0.03241 30.2564 -1.333
28079.61 1 0 0 2.14497 0.10392 32.7903 -1.325
28099.56 1 0 0 1.43669 0.15797 14.4296 -1.322
28119.53 1 0 0 0.92371 0.07675 13.1549 -1.303
28139.28 1 0 0 1.38947 -0.00071 27.6222 -1.279
28159.50 1 0 0 1.18749 0.06984 9.38487 -1.269
28179.45 1 0 0 1.83898 0.05422 24.0036 -1.261
28199.48 1 0 0 1.12433 0.12423 9.40583 -1.231
28219.49 1 0 0 3.27068 0.22394 30.4321 -1.257
28239.46 1 0 0 3.36977 0.16142 39.6829 -1.254
28259.46 1 0 0 2.99070 0.04896 40.166 -1.250
28279.48 1 0 0 2.74892 0.20589 25.9937 -1.258
28299.45 1 0 0 4.04688 0.26093 56.3217 -1.225
28319.45 1 0 0 2.89132 0.24808 34.7331 -1.224
28339.29 1 0 0 3.81718 0.14257 45.8753 -1.248
28359.47 1 0 0 1.90526 0.04788 21.1247 -1.248
28379.45 1 0 0 1.86683 0.02863 27.0637 -1.264
28399.48 1 0 0 2.20298 0.12750 20.3162 -1.271
28419.48 1 0 0 0.14490 0.03689 7.05315 -1.286
28439.47 1 0 0 1.31010 0.16112 21.1351 -1.289
28459.46 1 0 0 2.21335 0.19877 32.5555 -1.280
28479.47 1 0 0 1.56631 0.00810 13.6529 -1.268
28499.46 1 0 0 2.65191 0.10637 42.0343 -1.243
28519.48 1 0 0 1.98422 0.19993 35.9608 -1.273
28539.27 1 0 0 1.58726 0.28572 26.4356 -1.264
28559.48 1 0 0 2.32991 0.03753 33.2011 -1.296
28579.45 1 0 0 1.48179 0.04923 37.2322 -1.289
28599.45 1 0 0 2.80937 -0.09281 37.4017 -1.278
28619.46 1 0 0 1.33574 0.07955 18.2824 -1.283
28639.45 1 0 0 2.11950 0.19638 26.1724 -1.269
28659.45 1 0 0 1.11872 0.15002 23.5773 -1.267
28679.67 1 0 0 2.72878 0.14852 40.8616 -1.281
28699.67 1 0 0 1.99443 0.20961 34.149 -1.282
28719.68 1 0 0 1.14080 0.05475 3.1185 -1.306
28739.46 1 0 0 1.00903 -0.11677 14.3222 -1.297
28759.67 1 0 0 2.07164 -0.07303 22.6421 -1.281
28779.70 1 0 0 2.58003 0.03525 40.2454 -1.253
28799.65 1 0 0 1.29879 0.13048 18.5867 -1.256
28819.67 1 0 0 2.65382 0.12075 36.517 -1.254
28839.66 1 0 0 2.52071 -0.00735 30.7856 -1.282
28859.69 1 0 0 2.19100 0.02897 26.1809 -1.305
28879.69 1 0 0 2.48204 0.02483 28.9968 -1.321
28899.66 1 0 0 3.59387 0.13869 43.9157 -1.318
28919.66 1 0 0 2.63683 0.24564 36.7053 -1.324
28939.70 1 0 0 3.16729 0.09404 38.2947 -1.312
28959.71 1 0 0 1.68255 0.19840 27.763 -1.307
28979.71 1 0 0 4.67677 0.08948 49.7607 -1.322
28999.66 1 0 0 1.64048 0.03311 23.7082 -1.317
29019.67 1 0 0 2.36810 0.13898 36.5707 -1.307
29039.69 1 0 0 1.28570 0.19533 19.3319 -1.303
29059.68 1 0 0 2.66182 0.00652 31.8701 -1.305
29079.70 1 0 0 1.72992 0.10902 28.2487 -1.298
29099.68 1 0 0 1.61592 0.01561 21.349 -1.304
29119.70 1 0 0 2.98336 0.11993 36.8641 -1.317
29139.67 1 0 0 2.40801 0.00557 27.8764 -1.330
29159.67 1 0 0 1.91764 -0.09174 19.8257 -1.311
29179.69 1 0 0 1.98917 0.10287 28.0671 -1.276
29199.68 1 0 0 2.91675 0.12362 31.0044 -1.293
29219.68 1 0 0 1.42022 -0.02841 20.9886 -1.315
29239.70 1 0 0 3.85106 0.02413 47.9002 -1.315
29259.68 1 0 0 3.14700 0.17288 42.6526 -1.325
29279.71 1 0 0 2.28709 0.16416 32.8539 -1.314
29299.70 1 0 0 3.77184 0.06328 48.35 -1.316
29319.66 1 0 0 1.93352 0.10463 25.0023 -1.341
29339.47 1 0 0 1.34889 0.17680 20.4946 -1.297
29359.70 1 0 0 1.34507 0.23405 24.0879 -1.315
29379.69 1 0 0 2.57779 0.18503 40.2008 -1.306
29399.66 1 0 0 1.69289 0.16000 25.0916 -1.301
29419.67 1 0 0 2.09125 0.04155 24.2347 -1.296
29439.81 1 0 0 0.92445 0.06941 4.34928 -1.287
29459.78 1 0 0 3.73588 0.08995 41.9264 -1.291
29479.70 1 0 0 1.16120 -0.07633 23.6224 -1.266
29499.68 1 0 0 2.27678 0.02524 25.9293 -1.268
29519.71 1 0 0 1.72829 0.00341 19.8074 -1.269
29539.67 1 0 0 1.71612 0.17568 18.511 -1.286
29559.69 1 0 0 2.67349 0.13751 26.9432 -1.272
29579.70 1 0 0 1.40025 0.07678 18.5128 -1.289
29599.69 1 0 0 4.01607 0.04408 49.1432 -1.299
29619.68 1 0 0 1.00919 0.06981 12.7902 -1.289
29639.66 1 0 0 2.54004 0.24703 30.0337 -1.334
29659.65 1 0 0 2.49628 0.07778 26.4165 -1.369
29679.45 1 0 0 2.89963 0.17814 32.9717 -1.325
29699.47 1 0 0 3.21185 0.07504 47.3603 -1.327
29719.45 1 0 0 1.99468 0.12872 21.4119 -1.325
29739.46 1 0 0 0.89075 0.02509 10.9818 -1.310
29759.46 1 0 0 0.88310 0.11299 5.40422 -1.284
29779.49 1 0 0 1.84032 0.07093 18.745 -1.285
29799.46 1 0 0 2.29001 0.01921 40.0659 -1.292
29819.50 1 0 0 0.97241 0.06937 18.1392 -1.309
29839.46 1 0 0 2.14981 0.03148 29.203 -1.302
29859.46 1 0 0 2.33965 0.06016 24.9177 -1.298
29879.48 1 0 0 1.82442 0.01710 31.568 -1.308
29899.45 1 0 0 1.84908 -0.00061 22.5162 -1.301
29919.48 1 0 0 1.58991 0.05559 18.7128 -1.307
29939.46 1 0 0 2.77024 0.14342 34.9247 -1.283
29959.46 1 0 0 1.45277 0.21493 16.0108 -1.284
29979.45 1 0 0 1.79993 0.08097 23.3658 -1.276
29999.48 1 0 0 1.54550 -0.00575 23.2825 -1.258
30019.45 1 0 0 2.64337 0.04637 32.4839 -1.254
30039.47 1 0 0 1.06640 0.20938 29.7158 -1.232
30059.47 1 0 0 1.79459 0.08268 12.8259 -1.220
30079.49 1 0 0 2.13170 0.10489 26.975 -1.215
30099.45 1 0 0 2.14403 0.15727 33.3233 -1.242
30119.50 1 0 0 2.79130 0.25355 34.2221 -1.282
30139.49 1 0 0 0.43360 0.19175 15.4362 -1.277
30159.47 1 0 0 0.85557 0.19164 13.9099 -1.273
30179.44 1 0 0 0.90943 0.02933 25.1575 -1.247
30199.45 1 0 0 2.61004 0.06712 40.2944 -1.239
30219.45 1 0 0 1.15462 0.24982 12.6273 -1.264
30239.46 1 0 0 2.18194 0.09939 24.829 -1.282
30259.46 1 0 0 0.36414 0.04548 -2.52257 -1.280
30279.49 1 0 0 3.10022 0.22483 26.117 -1.292
30299.48 1 0 0 2.03975 0.01037 34.1494 -1.297
30319.47 1 0 0 1.99053 -0.01974 28.0332 -1.298
30339.45 1 0 0 1.59929 -0.00887 22.7253 -1.306
30359.47 1 0 0 0.42085 0.08782 1.58464 -1.300
30379.49 1 0 0 2.84311 0.22190 45.277 -1.294
30399.45 1 0 0 3.32523 0.26670 39.4845 -1.306
30419.49 1 0 0 3.20648 0.07133 47.002 -1.317
30439.44 1 0 0 2.07254 0.13792 23.7728 -1.298
30459.48 1 0 0 2.08020 0.12588 24.5233 -1.297
30479.47 1 0 0 1.22231 0.05283 14.1626 -1.288
30499.50 1 0 0 2.29271 0.07035 17.4744 -1.292
30519.45 1 0 0 2.95007 0.12556 43.9571 -1.310
30539.49 1 0 0 3.27894 0.02776 35.9811 -1.305
30559.45 1 0 0 1.90893 -0.02671 17.2201 -1.294
30579.45 1 0 0 0.33551 0.10369 15.2391 -1.284
30599.46 1 0 0 2.59229 0.31125 44.7415 -1.267
30619.50 1 0 0 1.06659 0.40661 16.9436 -1.274
30639.49 1 0 0 1.96846 0.16734 24.7098 -1.281
30659.45 1 0 0 1.17213 0.09693 19.2569 -1.313
30679.48 1 0 0 1.62556 0.03466 35.5282 -1.307
30699.45 1 0 0 1.91746 -0.10847 25.9227 -1.322
30719.58 1 0 0 1.85383 0.00600 7.71617 -1.328
30739.55 1 0 0 1.06660 -0.06999 19.7935 -1.297
30759.53 1 0 0 1.36214 -0.03416 20.2428 -1.294
30779.46 1 0 0 0.96788 0.07015 13.7562 -1.305
30799.49 1 0 0 2.20670 0.01415 17.5073 -1.288
30819.46 1 0 0 1.99491 -0.03093 31.6882 -1.281
30839.46 1 0 0 1.64723 0.04610 21.9883 -1.286
30859.45 1 0 0 1.19037 0.05704 9.36884 -1.327
30879.49 1 0 0 3.28454 0.01049 43.475 -1.334
30899.45 1 0 0 4.13809 -0.13055 48.9243 -1.318
30919.44 1 0 0 2.74457 0.05104 39.9124 -1.296
30939.47 1 0 0 1.61811 0.14053 24.9589 -1.299
30959.47 1 0 0 1.00426 0.13142 17.485 -1.312
30979.50 1 0 0 1.34165 0.03207 32.7179 -1.309
30999.47 1 0 0 2.47021 0.15202 12.9758 -1.313
31019.46 1 0 0 0.91286 0.11359 7.39724 -1.334
31039.45 1 0 0 1.24696 0.11205 21.3432 -1.359
31059.45 1 0 0 1.08700 0.03191 20.355 -1.318
31079.46 1 0 0 1.51974 0.08443 22.8644 -1.300
31099.47 1 0 0 1.22560 -0.02694 10.6045 -1.357
31119.48 1 0 0 3.24640 -0.04643 32.8428 -1.348
31139.46 1 0 0 1.46139 0.16269 25.4119 -1.342
31159.50 1 0 0 1.33309 -0.07539 21.037 -1.358
31179.49 1 0 0 1.21761 0.13334 22.3547 -1.356
31199.49 1 0 0 0.28513 0.08461 14.8882 -1.367
31219.49 1 0 0 4.11291 0.19446 44.6715 -1.376
31239.45 1 0 0 2.62230 0.09161 31.7004 -1.332
31259.47 1 0 0 1.06632 0.04674 14.3319 -1.306
31279.46 1 0 0 1.17537 0.05557 29.0662 -1.297
31299.49 1 0 0 1.74557 0.08025 23.5812 -1.283
31319.48 1 0 0 1.19878 0.07308 22.4078 -1.321
31339.47 1 0 0 1.33657 0.15284 16.9211 -1.324
31359.47 1 0 0 1.56189 0.19321 20.9959 -1.307
31379.48 1 0 0 2.26403 0.16132 26.8575 -1.308
31399.46 1 0 0 1.76301 0.12058 15.6373 -1.315
31419.48 1 0 0 3.11547 0.07914 41.721 -1.306
31439.48 1 0 0 3.24435 0.00886 50.3421 -1.317
31459.45 1 0 0 1.94362 0.09263 27.2552 -1.328
31479.48 1 0 0 2.25625 -0.00651 38.374 -1.331
31499.46 1 0 0 3.10939 0.05484 40.5615 -1.324
31519.45 1 0 0 1.44370 0.02001 30.7925 -1.339
31539.49 1 0 0 1.94107 0.13343 18.2923 -1.323
31559.46 1 0 0 2.38300 0.15705 24.0422 -1.301
31579.50 1 0 0 0.68523 0.03591 4.51945 -1.289
31599.47 1 0 0 1.71029 0.18655 27.2549 -1.304
31619.46 1 0 0 2.00639 0.09113 35.2245 -1.315
31639.50 1 0 0 2.20157 0.01525 30.3657 -1.287
31659.47 1 0 0 3.45670 -0.01839 38.0833 -1.290
31679.47 1 0 0 2.29285 -0.01617 24.6003 -1.294
31699.45 1 0 0 0.34807 0.08049 5.73598 -1.318
31719.49 1 0 0 2.55788 -0.02570 29.808 -1.297
31739.45 1 0 0 1.18344 -0.06455 6.68922 -1.295
31759.46 1 0 0 0.88478 0.05981 22.3512 -1.310
31779.45 1 0 0 2.32441 -0.02638 33.0288 -1.319
31799.46 1 0 0 2.78414 0.01819 32.7638 -1.293
31819.46 1 0 0 1.00621 0.09253 23.7261 -1.295
31839.46 1 0 0 1.78675 0.15978 29.6599 -1.264
31859.47 1 0 0 1.43882 0.10925 20.6872 -1.273
33799.49 1 0 0 2.47604 0.10107 33.7991 -1.294
33819.49 1 0 0 1.05845 0.11070 15.8466 -1.275
33839.49 1 0 0 1.86541 0.17222 17.7472 -1.261
33859.48 1 0 0 2.86913 0.04279 33.4441 -1.277
33879.45 1 0 0 1.03747 -0.00910 19.3961 -1.291
33899.44 1 0 0 1.04168 -0.00339 10.1088 -1.282
33919.45 1 0 0 1.62256 -0.01848 18.3369 -1.276
33939.46 1 0 0 1.12771 -0.01957 22.6898 -1.268
33959.44 1 0 0 1.39561 0.19299 29.2009 -1.274
33979.45 1 0 0 0.18361 0.22346 8.3277 -1.301
33999.48 1 0 0 1.30082 0.11247 19.5628 -1.287
34019.49 1 0 0 1.71429 0.08381 24.2861 -1.282
34039.49 1 0 0 2.22954 0.11379 21.9686 -1.286
34059.46 1 0 0 1.14258 0.03919 22.9025 -1.263
34079.44 1 0 0 1.85706 0.09441 25.061 -1.273
34099.46 1 0 0 2.86039 0.11351 32.7225 -1.264
34119.46 1 0 0 2.04012 0.02622 21.4387 -1.271
34139.48 1 0 0 2.69705 0.09293 39.9192 -1.248
34159.46 1 0 0 2.41696 0.05332 24.0351 -1.248
34179.45 1 0 0 1.28454 0.03097 5.17462 -1.270
34199.49 1 0 0 2.15842 0.00740 22.7105 -1.284
34219.45 1 0 0 2.67048 0.10833 37.2241 -1.302
34239.46 1 0 0 1.93138 -0.03913 18.0522 -1.300
34259.46 1 0 0 1.56253 0.05639 18.7403 -1.302
34279.45 1 0 0 0.62462 -0.02877 14.1901 -1.335
34299.44 1 0 0 0.98997 0.13742 20.3292 -1.353
34319.49 1 0 0 1.76261 0.16185 14.3462 -1.336
34339.45 1 0 0 1.86329 0.15177 27.1722 -1.320
34359.49 1 0 0 2.24759 0.11699 24.7892 -1.314
34379.49 1 0 0 2.64715 -0.02133 31.1763 -1.342
34399.45 1 0 0 1.89274 0.21350 18.5472 -1.343
34419.48 1 0 0 1.26255 0.26489 19.1521 -1.314
34439.47 1 0 0 2.14781 0.33740 28.7762 -1.261
34459.49 1 0 0 2.91558 0.17878 28.3997 -1.277
34479.46 1 0 0 1.78636 0.13635 25.8682 -1.278
34499.46 1 0 0 1.29649 0.13151 14.7493 -1.228
34519.49 1 0 0 2.60860 0.24420 34.7397 -1.244
34539.46 1 0 0 2.04314 0.16142 26.4516 -1.245
34559.45 1 0 0 -0.05409 0.20910 -1.86175 -1.220
34579.47 1 0 0 1.48336 -0.04192 19.2155 -1.243
34599.44 1 0 0 2.13898 0.01540 25.8623 -1.254
34619.55 1 0 0 3.26265 0.00748 49.6329 -1.263
34639.52 1 0 0 2.56786 0.12487 21.9909 -1.265
34659.50 1 0 0 2.38107 0.22394 38.7072 -1.282
34679.49 1 0 0 2.23893 0.04310 32.325 -1.255
34699.49 1 0 0 2.82446 0.11431 36.9288 -1.258
34719.50 1 0 0 1.99894 0.23990 29.3587 -1.263
34739.46 1 0 0 1.66413 0.05581 21.0827 -1.256
34759.49 1 0 0 0.81136 0.07141 5.6305 -1.245
34779.47 1 0 0 1.04333 -0.03088 13.5976 -1.246
34799.49 1 0 0 3.27355 -0.08719 48.966 -1.229
34819.49 1 0 0 2.20540 0.09670 30.8245 -1.213
34839.50 1 0 0 1.99543 0.12875 23.7634 -1.208
34859.49 1 0 0 2.04303 0.15426 29.1154 -1.245
34879.26 1 0 0 1.70572 0.04010 12.6286 -1.267
34899.45 1 0 0 3.48916 0.11639 46.6621 -1.273
34919.45 1 0 0 1.01466 0.06655 18.5496 -1.294
34939.50 1 0 0 1.90652 0.09315 19.9121 -1.308
34959.49 1 0 0 2.75811 0.13287 35.3073 -1.325
34979.48 1 0 0 1.99619 -0.02143 20.726 -1.320
34999.45 1 0 0 1.13236 -0.04363 27.5503 -1.344
35019.46 1 0 0 2.03153 0.08912 27.8523 -1.332
35039.50 1 0 0 0.98344 -0.12452 16.6584 -1.335
35059.45 1 0 0 1.80206 0.12893 24.9572 -1.327
35079.45 1 0 0 3.60179 0.12377 36.0801 -1.336
35099.47 1 0 0 1.53845 0.16646 20.3294 -1.368
35119.48 1 0 0 2.75970 0.00972 25.7938 -1.346
35139.47 1 0 0 2.43119 -0.03354 23.3019 -1.345
35159.45 1 0 0 1.55588 0.07821 16.4265 -1.368
35179.47 1 0 0 1.41108 -0.02724 19.2578 -1.382
35199.48 1 0 0 2.05199 0.00909 23.824 -1.357
35219.49 1 0 0 0.82007 -0.07579 5.72937 -1.337
35239.47 1 0 0 1.83895 -0.09538 25.3023 -1.310
35259.45 1 0 0 2.27318 -0.05728 24.696 -1.310
35279.46 1 0 0 1.42757 -0.07498 18.7526 -1.293
35299.44 1 0 0 1.73984 0.11065 16.9551 -1.290
35319.50 1 0 0 1.81185 0.07007 27.7106 -1.289
35339.45 1 0 0 1.89779 0.05584 27.9964 -1.272
35359.47 1 0 0 2.26466 0.14179 21.8445 -1.269
35379.47 1 0 0 3.16706 0.05910 42.6942 -1.260
35399.50 1 0 0 0.99890 0.25902 12.3635 -1.261
35419.48 1 0 0 2.43526 0.31708 24.9127 -1.265
35439.46 1 0 0 0.77544 0.21420 20.1635 -1.261
35459.50 1 0 0 2.56044 0.11570 28.7169 -1.248
35479.45 1 0 0 2.30478 0.01703 32.3716 -1.248
35499.44 1 0 0 2.41265 0.08206 29.7367 -1.250
35519.50 1 0 0 2.11725 0.10362 27.5199 -1.251
35539.47 1 0 0 1.83303 0.08455 24.6791 -1.244
35559.49 1 0 0 1.09813 0.08656 24.6652 -1.266
35579.45 1 0 0 1.62601 0.13507 16.1011 -1.270
35599.45 1 0 0 1.80980 0.10916 24.7987 -1.298
35619.47 1 0 0 2.05038 0.10006 16.0656 -1.305
35639.47 1 0 0 0.67933 -0.01191 23.4357 -1.293
35659.45 1 0 0 2.54633 0.03028 37.6533 -1.318
35679.46 1 0 0 1.93281 0.10271 25.8835 -1.328
35699.47 1 0 0 1.96895 0.10907 25.615 -1.333
35719.49 1 0 0 1.03937 0.13379 4.36129 -1.322
35739.47 1 0 0 2.10469 -0.09736 26.2321 -1.323
35759.45 1 0 0 1.42388 0.15433 16.2596 -1.324
35779.47 1 0 0 1.56176 0.29604 15.1456 -1.286
35799.45 1 0 0 1.39058 0.05188 17.8949 -1.271
35819.46 1 0 0 1.47840 0.15561 22.5585 -1.272
35839.46 1 0 0 1.66063 0.07140 30.1403 -1.298
35859.45 1 0 0 2.88632 0.09374 36.8663 -1.318
35879.46 1 0 0 0.16330 0.10967 0.757006 -1.305
35899.47 1 0 0 2.38337 0.11358 32.4263 -1.271
35919.45 1 0 0 3.43669 -0.10703 31.9966 -1.263
35939.54 1 0 0 2.56959 0.05909 40.803 -1.273
35959.50 1 0 0 4.02663 0.14074 47.3526 -1.263
35979.47 1 0 0 2.77401 0.03144 42.1625 -1.273
35999.45 1 0 0 2.89073 0.11575 30.7701 -1.275
36019.46 1 0 0 4.12539 0.11165 43.198 -1.264
36039.48 1 0 0 3.76542 0.08785 40.249 -1.287
36059.48 1 0 0 2.84963 0.07722 43.547 -1.279
36079.48 1 0 0 1.86778 0.22126 19.3126 -1.255
36099.48 1 0 0 3.06124 -0.03674 44.2497 -1.241
36119.46 1 0 0 2.68093 0.04847 27.427 -1.228
36139.47 1 0 0 2.36470 0.03630 25.5338 -1.221
36159.48 1 0 0 1.82705 0.06494 21.3638 -1.229
36179.49 1 0 0 2.38095 0.09588 25.0303 -1.247
36199.49 1 0 0 1.59096 0.12680 17.6814 -1.236
36219.44 1 0 0 2.04942 0.00324 26.6749 -1.244
36239.45 1 0 0 1.85330 0.02987 28.4055 -1.254
36259.45 1 0 0 0.54721 0.13741 15.8517 -1.269
36279.45 1 0 0 2.95754 -0.01698 30.0207 -1.260
36299.44 1 0 0 1.51697 0.07956 19.4394 -1.244
36319.49 1 0 0 1.17347 0.01031 10.5356 -1.272
36339.46 1 0 0 1.44382 0.00243 13.7481 -1.290
36359.45 1 0 0 1.81581 -0.00362 17.9815 -1.299
36379.46 1 0 0 2.78180 0.09417 31.4961 -1.291
36399.46 1 0 0 2.94241 0.04354 30.0168 -1.273
36419.49 1 0 0 1.79768 0.03591 22.2265 -1.286
36439.49 1 0 0 0.37700 0.06297 2.92699 -1.308
36459.48 1 0 0 2.76644 0.19678 28.693 -1.302
36479.45 1 0 0 2.45258 -0.00016 30.5184 -1.305
36499.49 1 0 0 0.79110 0.08602 4.46523 -1.321
36519.45 1 0 0 1.52935 0.15940 8.84143 -1.307
36539.48 1 0 0 1.14775 0.16841 19.4199 -1.302
36559.46 1 0 0 1.37589 0.26136 26.5436 -1.301
36579.49 1 0 0 1.47958 0.10828 21.959 -1.295
36599.47 1 0 0 1.94360 0.12689 23.4871 -1.281
36619.46 1 0 0 3.11847 0.08190 32.3053 -1.280
36639.48 1 0 0 2.88683 0.16218 40.0465 -1.280
36659.45 1 0 0 1.43112 0.05259 22.8533 -1.288
36679.45 1 0 0 1.99626 0.10084 24.1967 -1.291
36699.46 1 0 0 1.53273 0.09031 13.2621 -1.290
36719.49 1 0 0 0.81077 0.04532 8.56377 -1.272
36739.44 1 0 0 1.99114 0.09129 24.751 -1.286
36759.46 1 0 0 2.27662 0.01464 36.3665 -1.290
36779.45 1 0 0 2.27568 0.05790 31.9976 -1.289
36799.48 1 0 0 1.75895 -0.10796 26.2199 -1.264
36819.47 1 0 0 0.96221 0.09437 13.2691 -1.249
36839.49 1 0 0 1.99383 0.03648 28.0168 -1.258
36859.44 1 0 0 2.35925 0.04420 21.1984 -1.256
36879.45 1 0 0 0.88848 0.10994 9.52956 -1.242
36899.46 1 0 0 0.61783 0.08464 8.09469 -1.253
36919.44 1 0 0 1.19017 0.16661 19.9735 -1.271
36939.49 1 0 0 2.56157 0.12831 27.4988 -1.273
36959.46 1 0 0 2.26609 0.11072 25.1627 -1.281
36979.49 1 0 0 2.16970 0.11679 18.5874 -1.287
36999.45 1 0 0 2.05923 0.18343 20.0054 -1.299
37019.50 1 0 0 2.47526 0.17881 25.9173 -1.296
37039.45 1 0 0 1.54858 0.02776 24.7145 -1.306
37059.46 1 0 0 2.48691 0.09372 27.1895 -1.299
37079.45 1 0 0 1.13501 0.13331 14.264 -1.294
37099.46 1 0 0 2.45189 0.14169 35.456 -1.285
37119.47 1 0 0 2.13911 0.22736 27.3077 -1.283
37139.45 1 0 0 2.44658 0.12594 26.6777 -1.278
37159.48 1 0 0 1.98828 0.06255 31.4093 -1.307
37179.48 1 0 0 3.23317 0.03067 40.9692 -1.270
37199.60 1 0 0 1.81736 0.03588 14.9472 -1.252
37219.45 1 0 0 2.50747 0.11933 25.832 -1.223
37239.53 1 0 0 0.70528 0.06684 12.0504 -1.243
37259.51 1 0 0 1.95233 0.04437 31.2234 -1.243
37279.50 1 0 0 1.88317 0.04224 28.6147 -1.263
37299.49 1 0 0 2.61642 0.11023 23.3577 -1.282
37319.49 1 0 0 3.12277 0.05893 32.8356 -1.260
37339.48 1 0 0 0.55037 -0.03530 5.7633 -1.265
37359.46 1 0 0 2.52577 -0.09240 30.5756 -1.263
37379.49 1 0 0 1.72039 0.07944 25.5413 -1.261
37399.47 1 0 0 2.76258 0.06336 34.8168 -1.268
37419.51 1 0 0 1.31523 0.18914 14.6603 -1.254
37439.46 1 0 0 1.19691 0.05684 20.9214 -1.266
37459.44 1 0 0 2.16890 0.19548 32.5536 -1.277
37479.49 1 0 0 2.79642 0.19206 40.0647 -1.270
37499.46 1 0 0 2.58276 0.16417 31.7249 -1.270
37519.48 1 0 0 1.72568 0.13461 27.4871 -1.262
37539.46 1 0 0 0.74366 0.02100 12.5397 -1.272
37559.48 1 0 0 1.58023 0.10533 8.9597 -1.296
37579.47 1 0 0 2.61550 0.29708 29.4035 -1.274
37599.46 1 0 0 2.61023 0.21560 21.9695 -1.243
37619.46 1 0 0 2.04734 -0.01212 28.3149 -1.233
37639.46 1 0 0 2.70832 0.03813 33.7054 -1.230
37659.28 1 0 0 2.16206 0.04923 28.281 -1.261
37679.44 1 0 0 -0.23821 0.05471 14.7727 -1.262
37699.45 1 0 0 1.35031 0.12004 22.6491 -1.266
37719.48 1 0 0 3.03043 0.02690 32.5745 -1.281
37739.46 1 0 0 2.40939 0.08834 31.4259 -1.269
37759.48 1 0 0 4.18365 0.10855 64.8073 -1.294
37779.46 1 0 0 1.48331 -0.02581 28.3759 -1.271
37799.45 1 0 0 2.37005 -0.14784 32.2359 -1.244
37819.47 1 0 0 0.88169 -0.15048 16.1472 -1.260
37839.47 1 0 0 0.60841 0.00770 12.7804 -1.250
37859.29 1 0 0 0.89008 0.15824 4.95029 -1.264
37879.48 1 0 0 2.06636 0.14777 19.9148 -1.254
37899.47 1 0 0 2.47510 0.09946 34.074 -1.248
38919.47 1 0 0 2.16104 0.11870 38.4883 -1.323
38939.49 1 0 0 4.17238 0.08492 53.4633 -1.299
38959.46 1 0 0 3.25676 0.03629 41.2852 -1.294
38979.46 1 0 0 2.76561 0.03859 43.2805 -1.286
38999.50 1 0 0 1.72125 0.06398 32.96 -1.294
39019.49 1 0 0 2.18745 -0.09848 25.8332 -1.302
39039.47 1 0 0 2.45461 0.00305 32.9191 -1.301
39059.49 1 0 0 2.16553 0.07832 19.3636 -1.305
39079.45 1 0 0 1.10836 0.23566 11.8013 -1.312
39099.45 1 0 0 0.66304 0.23092 9.18343 -1.312
39119.48 1 0 0 2.28469 0.17810 35.369 -1.302
39139.45 1 0 0 2.49921 0.12794 30.6592 -1.303
39159.45 1 0 0 2.88056 0.09254 38.8195 -1.308
39179.45 1 0 0 2.32334 0.04562 37.6115 -1.284
39199.47 1 0 0 2.75141 0.07256 37.5132 -1.268
39219.46 1 0 0 3.69402 0.12468 45.0985 -1.281
39239.46 1 0 0 1.58870 0.18220 14.7111 -1.324
39259.46 1 0 0 2.88720 0.19450 32.0971 -1.349
39279.44 1 0 0 2.30265 0.10774 27.41 -1.338
39299.47 1 0 0 2.39230 0.11078 25.223 -1.330
39319.49 1 0 0 2.71523 -0.02893 31.5617 -1.311
39339.48 1 0 0 1.50528 0.21589 21.9864 -1.294
39359.49 1 0 0 1.19177 0.16145 13.8386 -1.277
39379.48 1 0 0 1.53173 0.05084 7.94448 -1.271
39399.49 1 0 0 2.25314 0.02634 28.3295 -1.282
39419.47 1 0 0 1.67574 -0.00847 17.5897 -1.254
39439.25 1 0 0 0.64260 0.12054 15.379 -1.275
39459.47 1 0 0 2.25986 0.16487 32.7415 -1.268
39479.46 1 0 0 0.45018 -0.01038 13.3404 -1.295
39499.45 1 0 0 1.60725 0.04259 18.1032 -1.296
39519.50 1 0 0 2.25784 -0.07607 32.0656 -1.300
39539.46 1 0 0 1.90152 0.12481 25.3723 -1.289
39559.48 1 0 0 1.25394 0.15164 11.8991 -1.304
39579.48 1 0 0 3.58025 0.03222 54.5084 -1.294
39599.48 1 0 0 2.15945 0.05930 19.1685 -1.269
39619.46 1 0 0 3.35033 -0.01014 38.0716 -1.254
39639.48 1 0 0 0.78727 0.05786 16.8155 -1.268
39659.47 1 0 0 1.72991 0.19568 23.11 -1.293
39679.47 1 0 0 2.25113 0.19321 26.4434 -1.291
39699.45 1 0 0 2.49126 0.16767 27.6016 -1.285
