% 1     Time (ms)
% 2     Arm state (init, disarmed, armed, fail)
% 3     Flight state (on ground, starting, flight, landing)
% 4     Pitch angle ref (deg)
% 5     Pitch angle rate ref (deg/s)
% 6     Pitch angle rate (gyro) (deg/s)
% 7     Pitch value to mixer o/oo
% 8     Pitch angle (deg)
%% 
12.51 2 0 0 -10.24790 0.70521 -75.4716 2.825
32.53 2 0 0.09 -7.85952 0.59842 -57.5622 2.669
52.51 2 0 0 -5.75475 0.91883 -44.6289 2.616
72.52 2 0 0 -5.54030 0.93068 -80.4868 2.556
92.53 2 0 0 -8.91011 0.46332 -129.048 2.457
112.50 2 0 0 -15.68892 0.21083 -128.216 2.416
132.54 2 0 0 -12.15893 0.07581 -66.3335 2.304
152.50 2 0 0 -11.02713 0.17271 -22.8293 2.244
172.52 2 0 0.09 -8.20673 0.24347 -30.3855 2.192
192.54 2 0 0 -9.80742 0.23379 -36.2146 2.272
212.51 2 0 0 -9.08518 0.28751 -88.773 2.207
232.51 2 0 0 -10.38770 0.20314 -87.2028 2.155
252.51 2 0 0 -6.57807 -0.00493 -26.155 2.121
272.55 2 0 0 -3.20977 0.60867 -4.43973 2.127
292.55 2 0 0 -2.91299 0.85878 -48.419 2.100
312.53 2 0 0 -2.36493 0.61879 -85.5447 2.136
332.55 2 0 0 -7.06453 0.36932 -150.017 2.110
352.52 2 0 0 -9.26871 0.45168 -127.805 2.089
372.53 2 0 0 -7.68735 0.28691 -94.059 2.073
392.53 2 0 0 -6.80215 0.01440 -47.4089 2.179
412.51 2 0 0 -2.75767 -0.02613 -36.048 2.171
432.55 2 0 0 -5.52631 -0.27709 -91.7233 2.239
452.53 2 0 0 -9.98215 -0.82394 -125.468 2.317
472.50 2 0 0 -14.47068 -0.99755 -154.158 2.348
492.54 2 0 0.09 -4.17628 -0.87488 -33.7308 2.449
512.52 2 0 0 1.93838 -0.75101 -6.82858 2.535
532.51 2 0 0 -2.61815 0.09947 -95.0565 2.586
552.53 2 0 0 -4.16461 0.36777 -136.83 2.699
572.56 2 0 0 -8.84064 0.22371 -165.427 2.784
592.50 2 0 0 -7.97165 0.46344 -111.252 2.846
612.50 2 0 0 -7.07257 0.60961 -76.147 2.982
632.53 2 0 0 -7.99000 0.55283 -72.9269 3.113
652.52 2 0 0 -4.53544 0.37786 -4.99797 3.260
672.52 2 0 0 -4.16923 0.04583 -26.3369 3.349
692.55 2 0 0 -5.64093 -0.47737 -86.5123 3.498
712.52 2 0 0.09 -11.22933 -0.49278 -164.773 3.596
732.53 2 0 0 -4.55650 0.01261 -65.2018 3.715
752.52 2 0 0 -1.52416 0.36516 -34.6527 3.843
772.31 2 0 0 -1.96054 0.80109 -105.709 3.993
792.54 2 0 0 -3.34979 1.39855 -108.796 4.039
812.51 2 0 0.09 -8.22613 1.20559 -157.1 4.171
832.67 2 0 0 -5.91222 1.06062 -122.547 4.259
852.61 2 0 0 -5.57698 0.97843 -103.655 4.381
872.59 2 0 0 -8.56883 0.80055 -107.034 4.436
892.37 2 0 0 -6.00842 0.81564 -75.0382 4.555
912.31 2 0 0.09 -2.55618 0.54972 -34.265 4.611
932.34 2 0 0 -7.26348 0.52937 -87.0008 4.738
952.33 2 0 0 -10.17662 0.16318 -110.733 4.820
972.10 2 0 0 -8.34705 -0.29020 -47.6907 4.894
992.34 2 0 0 -6.19846 -0.19519 -38.1785 4.959
1012.34 2 0 0 -7.78163 0.00575 -52.0729 5.050
1032.30 2 0 0 -5.23303 -0.14219 -93.4023 5.068
1052.31 2 0 0.09 -5.49532 0.27198 -72.4119 5.191
1072.32 2 0 0 -14.37201 0.05324 -147.238 5.157
1092.30 2 0 0 -12.18186 0.19369 -96.4811 5.206
1112.30 2 0 0 -7.33231 0.21371 -22.4268 5.263
1132.30 2 0 0 -12.86489 0.11552 -78.6831 5.236
1152.29 2 0 0 -15.39851 0.14098 -72.8401 5.261
1172.29 2 0 0 -15.04400 0.23768 -107.276 5.313
1192.31 2 0 0 -8.99940 -0.13597 -27.7987 5.319
1212.32 2 0 0 -4.01361 -0.17430 17.5346 5.339
1232.34 2 0 0 -8.54172 -0.23631 -39.5105 5.318
1252.32 2 0 -0.09 -10.43849 -0.16152 -78.9732 5.266
1272.35 2 0 0 -10.10384 -0.03115 -73.5226 5.187
1292.34 2 0 0 -9.08446 0.03814 -97.7858 5.188
1312.29 2 0 0 -12.33581 -0.01675 -99.3366 5.187
1332.29 2 0 0 -11.50181 -0.02438 -75.4021 5.186
1352.29 2 0 0 -9.15887 -0.12370 -37.8475 5.177
1372.29 2 0 0 -11.62357 -0.06786 -81.6812 5.192
1392.33 2 0 0.09 -12.58286 -0.29825 -109.581 5.187
1412.30 2 0 0 -14.51382 -0.83726 -101.6 5.137
1432.31 2 0 0 -7.57661 -1.06783 -20.5319 5.141
1452.29 2 0 0 -4.16635 -1.23854 -0.56485 5.135
1472.30 2 0 0 -12.56663 -1.24765 -114.512 5.131
1492.31 2 0 0 -15.97285 -1.29442 -190.386 5.056
1512.29 2 0 0 -15.70409 -1.07025 -152.345 5.030
1532.32 2 0 0 -10.60612 -1.01164 -88.3414 4.988
1552.30 2 0 0 -10.28714 -0.85516 -42.259 5.003
1572.33 2 0 0 -9.47938 -0.63130 -17.0317 5.097
1592.31 2 0 0 -14.64545 -0.50899 -72.7905 5.040
1612.29 2 0 0 -18.73261 -0.53932 -117.556 5.041
1632.33 2 0 0 -14.58248 -0.54448 -91.9882 5.022
1652.31 2 0 0 -11.79067 -0.98430 -68.2352 4.981
1672.29 2 0 0 -6.11242 -1.12754 -38.5806 4.932
1692.32 2 0 0 -7.70412 -1.27010 -53.2774 4.906
1712.30 2 0 0 -12.62059 -0.97497 -116.873 4.902
1732.30 2 0 0 -15.94972 -0.80807 -150.309 4.889
1752.34 2 0 0 -15.53532 -0.55830 -154.605 4.906
1772.29 2 0 0 -10.10977 -0.25718 -90.3893 4.928
1792.29 2 0 0 -9.94292 -0.19808 -73.3765 4.925
1812.33 2 0 0 -8.84645 -0.05220 -57.4796 4.965
1832.29 2 0 0 -12.45288 0.31576 -74.1843 5.006
1852.32 2 0 0 -12.10198 0.43847 -96.6571 5.055
1872.29 2 0 0 -13.36566 0.54901 -99.4404 5.117
1892.31 2 0 0.09 -12.08704 0.61041 -111.978 5.119
1912.32 2 0 0 -6.89491 0.52581 -60.9525 5.142
1932.29 2 0 0 -12.27727 0.59676 -144.684 5.245
1952.34 2 0 0 -12.07689 0.96153 -121.742 5.239
1972.31 2 0 0 -15.10462 0.99947 -134.71 5.266
1992.34 2 0 0 -19.31663 0.90611 -201.214 5.306
2012.31 2 0 0 -14.85208 0.83040 -104.334 5.341
2032.30 2 0 0 -11.17245 0.50796 -29.0704 5.386
2052.31 2 0 0 -15.31215 0.38957 -40.5094 5.443
2072.29 2 0 0 -17.49785 0.39129 -51.6145 5.538
2092.33 2 0 0 -15.49977 0.16109 -55.3114 5.569
2112.33 2 0 0 -13.99955 0.03048 -95.7462 5.635
2132.29 2 0 0 -11.80572 -0.11814 -106.133 5.648
2152.43 2 0 0 -16.61132 -0.00082 -83.4112 5.630
2172.44 2 0 0 -10.61221 -0.33061 -62.3422 5.660
2192.38 2 0 0 -15.29198 -0.30070 -107.545 5.749
2212.36 2 0 0 -16.89458 0.14118 -110.012 5.800
2232.32 2 0 0 -13.68139 0.30038 -71.2134 5.820
2252.29 2 0 0 -14.25053 0.34574 -99.8002 5.807
2272.33 2 0 0 -16.79606 0.07314 -140.956 5.859
2292.29 2 0 0 -15.53389 -0.39192 -81.9961 5.831
2312.29 2 0 0 -13.84454 -0.57174 -25.6678 5.878
2332.29 2 0 0 -18.68800 -0.67486 -77.2682 5.902
2352.34 2 0 0 -19.07951 -0.60920 -88.1454 5.914
2372.31 2 0 0.09 -14.18244 -0.62259 -50.8493 5.867
2392.30 2 0 0 -12.80825 -0.86332 -68.8239 5.815
2412.29 2 0 0.09 -12.11555 -0.87289 -63.9236 5.742
2432.33 2 0 0 -18.32369 -0.68595 -139.318 5.715
2452.29 2 0 0.27 -18.88993 -0.60292 -123.078 5.651
2472.33 2 0 0 -17.27250 -0.25605 -92.0111 5.562
2492.33 2 0 0.09 -16.88915 -0.14767 -88.845 5.436
2512.30 2 0 0 -19.68377 -0.40458 -109.003 5.417
2532.33 2 0 0 -20.06800 -0.47385 -54.4092 5.299
2552.30 2 0 0 -19.94407 -0.30052 -36.8211 5.287
2572.32 2 0 0 -23.23993 -0.03755 -99.3344 5.188
2592.29 2 0 0 -19.51060 -0.07262 -66.3625 5.137
2612.32 2 0 0 -20.38535 -0.32401 -103.824 5.001
2632.29 2 0 0 -14.97255 -0.86810 -48.2871 4.793
2652.32 2 0 0.09 -14.44322 -1.09469 -40.3621 4.658
2672.30 2 0 0 -16.46528 -1.12894 -89.6947 4.526
2692.34 2 0 0.27 -16.02937 -1.39243 -61.5895 4.397
2712.30 2 0 0 -15.63155 -1.16946 -102.327 4.236
2732.35 2 0 0 -18.23524 -1.36324 -122.564 4.086
2752.29 2 0 0 -19.42043 -1.56712 -99.67 4.030
2772.32 2 0 0 -14.42888 -1.30049 -39.0668 3.934
2792.29 2 0 0 -19.89632 -0.78332 -90.2115 3.819
2812.32 2 0 0 -17.03632 -0.32180 -96.6445 3.708
2832.30 2 0 0 -18.18741 -0.29159 -104.896 3.569
2852.30 2 0 0 -16.83188 -0.17317 -100.092 3.445
2872.33 2 0 0 -14.00322 0.05832 -81.4483 3.312
2892.34 2 0 0.09 -7.16055 0.35683 7.15117 3.192
2912.32 2 0 0 -8.67886 0.85590 -44.5867 3.128
2932.33 2 0 0 -12.46728 0.73809 -97.3735 2.977
2952.32 2 0 0 -15.14660 0.44338 -149.511 2.862
2972.34 2 0 0 -17.82035 0.42386 -125.079 2.772
2992.31 2 0 0 -18.59559 0.16527 -91.9004 2.737
3012.33 2 0 0 -16.56391 0.15433 -70.5517 2.625
3032.29 2 0 0 -12.44049 0.30918 2.27874 2.521
3052.34 2 0 0 -8.81975 0.30306 12.9712 2.451
3072.32 2 0 0 -12.99613 -0.39486 -24.293 2.384
3092.30 2 0 0 -18.06196 -1.08480 -96.0698 2.283
3112.33 2 0 0 -14.12591 -0.70271 -70.0303 2.275
3132.32 2 0 0 -7.98968 0.20414 0.347305 2.212
3152.32 2 0 0 -6.95657 0.08304 -35.6718 2.102
3172.31 2 0 0 -7.08522 -0.40764 -78.5038 2.075
3192.34 2 0 0 -10.01801 0.45924 -107.914 2.069
3212.29 2 0 -9.81 -24.91093 -0.02787 -235.209 2.068
3232.34 2 0 -15 -22.43036 0.06280 -160.524 2.096
3252.33 2 0 -15 -26.02713 -0.77159 -209.499 2.018
3272.33 2 0 -15 -25.10881 -0.31024 -110.532 2.045
3292.32 2 0 -15 -11.10981 -0.14643 6.37457 2.057
3312.29 2 0 -15 -23.67204 -0.35658 -66.057 2.101
3332.10 2 0 -15 -25.25332 -0.30040 -76.2129 2.037
3352.29 2 0 -15 -28.40946 0.54085 -104.686 2.024
3372.30 2 0 -15 -30.61016 -1.43367 -177.97 1.979
3392.31 2 0 -15 -37.47066 -1.08126 -223.127 1.967
3412.33 2 0 -15 -34.87434 -1.00668 -213.888 1.939
3432.30 2 0 -15 -27.19763 -0.94522 -60.4169 1.895
3452.30 2 0 -15 -36.23324 -0.54444 -151.196 1.799
3472.40 2 0 -15 -32.67286 -0.76114 -70.8177 1.757
3492.39 2 0 -15 -24.68845 -0.69626 37.0581 1.718
3512.37 2 0 -15 -26.74908 -0.54200 -4.66995 1.649
3532.31 2 0 -15 -33.21582 0.37024 -134.932 1.605
3552.32 2 0 -15 -37.53748 -1.10635 -99.8808 1.478
3572.29 2 0 -15 -39.52153 -1.31360 -126.914 1.464
3592.32 2 0 -15 -45.14730 -1.15569 -133.153 1.346
3612.32 2 0 -15 -48.12966 -0.80647 -115.504 1.318
3632.33 2 0 -15 -43.22009 -1.55185 -79.5044 1.174
3652.29 2 0 -15 -42.87047 -1.03730 -102.485 1.095
3672.30 2 0 -15 -41.83833 -0.39655 -121.979 1.046
3692.33 2 0 -15 -45.26006 -0.51078 -143.605 1.066
3712.34 2 0 -15 -41.66309 -0.73770 -133.223 1.027
3732.33 2 0 -15 -43.13974 -0.50055 -152.662 0.984
3752.29 2 0 -15 -43.81301 -0.07873 -196.626 0.973
3772.31 2 0 -15 -43.46926 -0.29699 -185.905 0.938
3792.32 2 0 -15 -47.27685 -0.69487 -228.398 0.953
3812.30 2 0 -15 -43.16697 -0.74521 -152.952 0.976
3832.32 2 0 -15 -40.82339 -0.43836 -111.74 1.024
3852.29 2 0 -15 -44.52868 -1.23584 -183.281 1.128
3872.31 2 0 -15 -45.49986 -1.98691 -180.493 1.142
3892.31 2 0 -15 -47.22717 -2.07795 -186.891 1.217
3912.11 2 0 -15 -53.03385 -1.72071 -236.934 1.384
3932.29 2 0 -15 -51.64336 -1.50657 -218.372 1.536
3952.31 2 0 -15 -47.11265 -1.71241 -168.535 1.668
3972.34 2 0 -15 -44.71462 -1.49878 -183.721 1.779
3992.30 2 0 -15 -41.32185 -1.13076 -163.745 1.949
4012.30 2 0 -15 -51.14207 -1.06761 -248.642 2.105
4032.30 2 0 -15 -53.63134 -0.64862 -236.071 2.255
4052.33 2 0 -15 -53.20655 0.02602 -265.815 2.464
4072.34 2 0 -15 -52.27415 0.38487 -265.747 2.709
4092.31 2 0 -15 -56.84022 -0.11466 -271.669 2.941
4112.11 2 0 -15 -52.47334 -0.71826 -160.292 3.175
4132.29 2 0 -15 -56.66578 -0.58674 -178.182 3.478
4152.31 2 0 -15 -57.20812 -0.51801 -192.111 3.871
4172.32 2 0 -15 -57.27066 -0.72219 -240.964 4.219
4192.29 2 0 -15 -58.01440 -1.20261 -295.319 4.547
4212.32 2 0 -15 -53.32476 -1.43315 -205.246 4.822
4232.30 2 0 -15 -54.02270 -1.40878 -198.739 5.143
4252.33 2 0 -15 -51.26871 -1.04845 -153.681 5.431
4272.29 2 0 -15 -59.99741 -0.40421 -270.775 5.791
4292.29 2 0 -15 -61.97119 -0.05616 -332.95 6.093
4312.29 2 0 -15 -66.80135 -0.05895 -350.227 6.407
4332.30 2 0 -15 -68.19733 -0.24052 -313.2 6.691
4352.32 2 0 -15 -68.39168 -0.32047 -260.088 7.015
4372.30 2 0 -15 -65.04213 -0.17949 -218.757 7.348
4392.30 2 0 -15 -67.64941 -0.30468 -220.315 7.629
4412.30 2 0 -15 -71.43899 -0.95388 -281.921 7.921
4432.30 2 0 -15 -75.02542 -1.65008 -318.029 8.209
4452.32 2 0 -15 -76.51449 -1.82986 -271.719 8.414
4472.29 2 0 -15 -68.06870 -1.39765 -161.668 8.651
4492.31 2 0 -15 -67.25921 -0.94041 -175.839 8.871
4512.31 2 0 -15 -73.83054 -0.69130 -246.024 9.029
4532.32 2 0 -15 -76.48782 -0.55000 -274.772 9.219
4552.31 2 0 -15 -80.09685 -0.71977 -254.866 9.362
4572.29 2 0 -15 -84.04141 -0.96985 -227.059 9.464
4592.32 2 0 -15 -87.49052 -0.67673 -249.464 9.545
4612.30 2 0 -15 -87.06210 -0.90934 -217.486 9.673
4632.29 2 0 -15 -84.65940 -1.68266 -205.421 9.683
4652.32 2 0 -15 -84.26727 -2.35362 -185.846 9.682
4672.34 2 0 -15 -88.67885 -2.45610 -236.461 9.671
4692.33 2 0 -15 -87.41050 -2.11758 -198.809 9.679
4712.29 2 0 -15 -90.43905 -2.08844 -263.263 9.706
4732.42 2 0 -15 -88.00500 -1.04444 -174.252 9.625
4752.39 2 0 -15 -88.40175 -1.09519 -214.15 9.519
4772.35 2 0 -15 -88.72594 -1.23324 -205.489 9.414
4792.32 2 0 -15 -93.20566 -1.32846 -232.767 9.264
4812.29 2 0 -15 -94.80295 -1.31404 -238.655 9.149
4832.30 2 0 -15 -92.96593 -1.56496 -202.278 8.919
4852.32 2 0 -15 -87.62033 -1.63830 -182.595 8.734
4872.31 2 0 -15 -96.23680 -2.34450 -278.003 8.444
4892.32 2 0 -15 -95.23453 -2.79333 -204.474 8.164
4912.29 2 0 -15 -98.39397 -2.93757 -225.44 7.911
4932.33 2 0 -15 -98.00525 -2.64990 -190.308 7.657
4952.29 2 0 -15 -90.61253 -2.17092 -135.132 7.389
4972.31 2 0 -15 -96.86623 -1.94851 -250.448 7.087
4992.32 2 0 -15 -100.41454 -2.58401 -270.365 6.762
5012.29 2 0 -15 -95.68578 -2.82732 -136.493 6.418
5032.31 2 0 -15 -100.21106 -2.36310 -184.788 6.111
5052.30 2 0 -15 -100.97192 -1.92748 -172.342 5.774
5072.30 2 0 -15 -90.42165 -2.05158 -122.576 5.444
5092.34 2 0 -15 -96.30380 -2.00677 -219.074 5.082
5112.29 2 0 -15 -101.09292 -2.16501 -255.443 4.728
5132.29 2 0 -15 -100.29524 -2.29673 -199.763 4.362
5152.35 2 0 -15 -100.73882 -1.97019 -175.128 4.034
5172.30 2 0 -15 -88.59522 -1.48186 -74.8093 3.631
5192.32 2 0 -15 -83.89568 -1.02813 -120.018 3.376
5212.32 2 0 -15 -88.69107 -1.33185 -236.221 3.045
5232.35 2 0 -15 -88.47240 -1.71286 -181.124 2.679
5252.31 2 0 -15 -86.60869 -1.42034 -130.417 2.429
5272.32 2 0 -15 -94.04704 -0.92561 -225.241 2.168
5292.29 2 0 -15 -92.27111 -0.78462 -234.605 1.931
5312.33 2 0 -15 -84.06889 -0.58356 -189.097 1.719
5332.32 2 0 -15 -85.79749 -0.77697 -260.945 1.539
5352.30 2 0 -15 -91.01576 -1.02472 -279.229 1.355
5372.34 2 0 -15 -90.99812 -1.00956 -265.334 1.218
5392.32 2 0 -15 -89.54469 -0.39875 -228.744 1.168
5412.35 2 0 -15 -83.45660 -0.06057 -203.097 1.097
5432.30 2 0 -15 -81.12067 0.12772 -237.444 1.043
5452.29 2 0 -15 -82.85345 -0.11005 -294.281 1.053
5472.33 2 0 -15 -89.43483 -0.75390 -295.019 1.033
5492.29 2 0 -15 -87.13248 -0.77278 -215.808 1.056
5512.31 2 0 -15 -89.84999 -0.38884 -220.078 1.096
5532.29 2 0 -15 -86.92121 -0.49343 -215.585 1.192
5552.29 2 0 -15 -82.83522 -0.73568 -182.607 1.283
5572.29 2 0 -15 -82.50241 -1.01161 -238.154 1.374
5592.33 2 0 -15 -87.53031 -1.16449 -275.969 1.434
5612.35 2 0 -15 -89.08427 -0.98079 -262.352 1.632
5632.34 2 0 -15 -80.50168 -0.31518 -185.036 1.832
5652.09 2 0 -15 -76.45465 0.39229 -197.13 2.074
5672.32 2 0 -15 -79.19931 0.78386 -328.642 2.291
5692.32 2 0 -15 -88.63791 0.51811 -379.2 2.472
5712.32 2 0 -15 -93.01878 0.33908 -367.918 2.696
5732.31 2 0 -15 -95.44499 0.29764 -319.432 2.869
5752.29 2 0 -15 -92.00588 0.81236 -236.817 3.049
5772.31 2 0 -15 -83.19006 0.95283 -190.382 3.220
5792.29 2 0 -15 -83.04184 0.30039 -208.785 3.435
5812.32 2 0 -15 -84.36087 -0.23946 -231.85 3.600
5832.31 2 0 -15 -97.14571 -0.56271 -318.843 3.721
5852.29 2 0 -15 -90.29199 -0.53521 -205.258 3.913
5872.33 2 0 -15 -80.83579 -0.12267 -143.156 4.061
5892.34 2 0 -15 -88.36789 0.63315 -277.936 4.226
5912.33 2 0 -15 -93.21502 1.06460 -343.1 4.371
5932.29 2 0 -15 -97.15060 0.96511 -314.458 4.450
5952.31 2 0 -15 -98.03567 0.81164 -253.298 4.532
5972.30 2 0 -15 -99.26827 0.63187 -218.008 4.612
5992.45 2 0 -15 -96.55100 0.64116 -228.888 4.693
6012.44 2 0 -15 -96.66543 1.02819 -226.46 4.721
6032.39 2 0 -15 -95.41274 1.10520 -216.535 4.758
6052.14 2 0 -15 -98.12677 1.28567 -252.914 4.732
6072.34 2 0 -15 -89.95192 1.12812 -145.944 4.683
6092.32 2 0 -15 -96.20837 1.10739 -211.919 4.685
6112.34 2 0 -15 -97.98964 1.37040 -222.681 4.631
6132.31 2 0 -15 -87.90809 1.38488 -139.531 4.651
6152.31 2 0 -15 -89.32645 1.19445 -189.743 4.642
6172.33 2 0 -15 -91.46434 0.89616 -257.488 4.592
6192.32 2 0 -15 -92.30824 0.80997 -224.534 4.443
6212.34 2 0 -15 -95.90590 0.80606 -239.645 4.306
6232.32 2 0 -15 -94.48680 0.97267 -230.036 4.202
6252.29 2 0 -15 -87.69556 0.96279 -162.071 4.060
6272.30 2 0 -15 -92.94360 0.81642 -247.143 3.952
6292.29 2 0 -15 -97.11849 0.65070 -277.792 3.822
6312.33 2 0 -15 -87.57144 0.43262 -142.379 3.726
6332.34 2 0 -15 -87.20570 0.41612 -164.048 3.648
6352.30 2 0 -15 -91.54244 0.73837 -204.721 3.557
6372.30 2 0 -15 -89.47967 0.96322 -221.399 3.462
6392.30 2 0 -15 -89.90888 0.81385 -275.246 3.372
6412.34 2 0 -15 -94.28534 0.39252 -308.769 3.296
6432.31 2 0 -15 -94.28687 0.39181 -257.771 3.263
6452.29 2 0 -15 -89.59398 0.54734 -165.986 3.204
6472.31 2 0 -15 -92.98623 0.56457 -186.239 3.243
6492.30 2 0 -15 -87.92120 0.59819 -201.019 3.277
6512.32 2 0 -15 -86.30223 0.47159 -222.027 3.277
6532.30 2 0 -15 -87.27902 0.17501 -254.749 3.241
6552.29 2 0 -15 -83.13160 -0.04098 -217.633 3.308
6572.30 2 0 -15 -84.55979 0.17540 -245.98 3.334
6592.30 2 0 -15 -91.07944 0.43138 -315.346 3.366
6612.33 2 0 -15 -88.88219 0.64462 -278.837 3.431
6632.11 2 0 -15 -83.21964 0.66631 -248.51 3.555
6652.30 2 0 -15 -86.10993 0.42657 -280.955 3.660
6672.35 2 0 -15 -88.95018 0.17998 -263.599 3.780
6692.30 2 0 -15 -90.85706 0.17962 -269.985 3.934
6712.30 2 0 -15 -92.83388 0.23192 -274.864 4.162
6732.32 2 0 -15 -86.46822 0.85268 -225.419 4.380
6752.31 2 0 -15 -79.74285 1.02800 -166.467 4.573
6772.31 2 0 -15 -84.82385 0.81542 -294.923 4.778
6792.30 2 0 -15 -89.42009 0.72103 -326.676 5.000
6812.30 2 0 -15 -91.38367 0.68116 -302.604 5.166
6832.34 2 0 -15 -95.08107 0.78235 -298.517 5.382
6852.31 2 0 -15 -90.47503 0.91087 -218.447 5.613
6872.30 2 0 -15 -89.02844 0.73293 -214.766 5.846
6892.32 2 0 -15 -88.48004 0.71040 -270.648 6.084
6912.33 2 0 -15 -91.15816 0.22869 -282.581 6.266
6932.29 2 0 -15 -96.42546 0.05351 -313.583 6.499
6952.30 2 0 -15 -90.38260 0.50502 -212.481 6.799
6972.29 2 0 -15 -84.17449 0.71370 -176.037 6.967
6992.29 2 0 -15 -88.05849 0.98658 -251.449 7.190
7012.34 2 0 -15 -89.42992 0.72402 -271.647 7.319
7032.34 2 0 -15 -94.00172 0.80582 -295.953 7.465
7052.31 2 0 -15 -94.38979 0.64699 -278.722 7.651
7072.30 2 0 -15 -94.03987 0.39613 -241.76 7.798
7092.32 2 0 -15 -94.79434 0.13558 -228.864 7.957
7112.31 2 0 -15 -97.05618 0.31574 -279.776 8.111
7132.35 2 0 -15 -101.68353 -0.05735 -328.193 8.162
7152.32 2 0 -15 -104.66711 -0.09850 -329.08 8.243
7172.34 2 0 -15 -99.95187 0.09623 -253.802 8.324
7192.29 2 0 -15 -90.43056 0.21275 -163.903 8.451
7212.34 2 0 -15 -90.24384 0.21610 -161.754 8.484
7232.31 2 0 -15 -92.50590 0.35406 -218.685 8.519
7252.34 2 0 -15 -93.51978 0.28198 -214.04 8.458
7272.33 2 0 -15 -99.35706 0.35681 -257.927 8.403
7292.31 2 0 -15 -100.32449 0.54044 -230.559 8.377
7312.31 2 0 -15 -101.43903 0.64892 -215.407 8.338
7332.45 2 0 -15 -97.98359 -0.20331 -217.474 8.306
7352.43 2 0 -15 -103.92126 0.41280 -288.704 8.215
7372.34 2 0 -15 -103.18521 0.73900 -256.137 8.033
7392.35 2 0 -15 -98.75649 0.81824 -189.107 7.848
7412.31 2 0 -15 -96.42560 1.00330 -149.586 7.710
7432.32 2 0 -15 -95.13106 1.22457 -170.89 7.549
7452.30 2 0 -15 -97.51392 0.89312 -199.853 7.394
7472.34 2 0 -15 -96.39626 0.41450 -191.335 7.255
7492.32 2 0 -15 -92.44550 0.20116 -146.588 7.084
7512.34 2 0 -15 -97.90744 0.09273 -238.783 6.960
7532.29 2 0 -15 -95.83199 0.02049 -233.065 6.758
7552.31 2 0 -15 -91.15593 -0.37068 -176.93 6.583
7572.34 2 0 -15 -94.70062 -0.47598 -255.202 6.424
7592.30 2 0 -15 -93.13085 -0.56766 -216.987 6.267
7612.32 2 0 -15 -97.54485 -0.57412 -250.51 6.050
7632.30 2 0 -15 -94.61008 -0.60652 -207.887 5.887
7652.33 2 0 -15 -93.40582 -0.52132 -198.098 5.719
7672.32 2 0 -15 -92.79903 -0.57387 -225.766 5.551
7692.29 2 0 -15 -94.66592 -0.66467 -243.262 5.391
7712.34 2 0 -15 -87.60896 -0.64603 -173.75 5.271
7732.31 2 0 -15 -90.65806 -0.43994 -213.862 5.191
7752.30 2 0 -15 -96.26672 0.05460 -284.725 5.070
7772.31 2 0 -15 -93.30876 0.23326 -265.171 5.009
7792.32 2 0 -15 -92.75040 0.34930 -275.743 4.952
7812.29 2 0 -15 -94.71490 0.50608 -262.691 4.877
7832.29 2 0 -15 -91.84476 0.43903 -232.905 4.793
7852.35 2 0 -15 -95.24612 0.43420 -246.832 4.783
7872.29 2 0 -15 -90.58867 0.61875 -208.743 4.810
7892.31 2 0 -15 -90.30577 0.60500 -245.419 4.866
7912.32 2 0 -15 -91.29793 0.20227 -266.737 4.922
7932.30 2 0 -15 -87.72003 0.11194 -225.419 5.013
7952.30 2 0 -15 -88.19688 0.09520 -241.099 5.118
7972.30 2 0 -15 -84.44996 0.40166 -209.541 5.208
7992.34 2 0 -15 -83.94821 0.71629 -241.794 5.393
8012.31 2 0 -15 -87.38904 0.70759 -315.721 5.628
8032.35 2 0 -15 -92.27086 0.46610 -322.665 5.750
8052.34 2 0 -15 -87.06791 0.52997 -245.909 5.906
8072.33 2 0 -15 -90.49728 0.65615 -278.111 6.039
8092.30 2 0 -15 -87.72543 0.41278 -232.427 6.174
8112.32 2 0 -15 -87.93717 0.63229 -249.027 6.357
8132.30 2 0 -15 -87.99052 0.23068 -269.368 6.582
8152.34 2 0 -15 -99.23836 -0.04077 -360.639 6.738
8172.30 2 0 -15 -96.13958 0.25365 -278.487 6.958
8192.34 2 0 -15 -87.54828 0.34255 -188.121 7.176
8212.33 2 0 -15 -86.44704 0.40596 -201.665 7.363
8232.30 2 0 -15 -90.80850 0.17086 -295.954 7.577
8252.29 2 0 -15 -97.16237 -0.06201 -331.36 7.675
8272.30 2 0 -15 -99.03616 -0.08424 -293.824 7.788
8292.30 2 0 -15 -100.33009 0.15014 -289.328 7.920
8312.30 2 0 -15 -98.65282 0.64027 -263.322 7.992
8332.33 2 0 -15 -95.01147 0.39618 -220.838 8.046
8352.29 2 0 -15 -95.05925 0.40814 -202.527 8.120
8372.30 2 0 -15 -101.85706 0.54680 -252.83 8.166
8392.31 2 0 -15 -101.80939 0.81759 -203.386 8.215
8412.30 2 0 -15 -98.25460 1.05824 -199.986 8.196
8432.29 2 0 -15 -97.67046 0.92337 -231.291 8.134
8452.30 2 0 -15 -99.14973 0.65900 -224.411 8.059
8472.34 2 0 -15 -97.38389 0.31994 -204.382 7.945
8492.34 2 0 -15 -96.33910 0.60705 -178.242 7.829
8512.29 2 0 -15 -95.96413 0.56322 -231.444 7.738
8532.31 2 0 -15 -95.67368 0.55052 -204 7.630
8552.31 2 0 -15 -91.96854 0.65415 -167.961 7.478
8572.31 2 0 -15 -92.76823 0.38500 -176.659 7.291
8592.31 2 0 -15 -96.22884 0.66146 -160.837 7.115
8612.09 2 0 -15 -97.32751 0.14126 -193.032 6.856
8632.30 2 0 -15 -97.10747 0.08765 -225.931 6.620
8652.46 2 0 -15 -95.67616 0.34435 -229.075 6.336
8672.45 2 0 -15 -95.42165 0.42301 -207.318 6.052
8692.41 2 0 -15 -99.76097 0.35617 -267.19 5.820
8712.37 2 0 -15 -102.27788 0.23194 -296.384 5.547
8732.36 2 0 -15 -97.42519 0.30074 -259.365 5.266
8752.30 2 0 -15 -95.50925 0.71341 -262.423 4.981
8772.29 2 0 -15 -96.14575 0.36928 -244.812 4.686
8792.29 2 0 -15 -95.65792 0.34492 -226.055 4.331
8812.29 2 0 -15 -89.97839 0.38644 -152.316 3.996
8832.30 2 0 -15 -93.59048 0.22334 -196.712 3.741
8852.29 2 0 -15 -96.50670 -0.01988 -254.106 3.455
8872.32 2 0 -15 -99.23709 -0.82570 -270.237 3.206
8892.31 2 0 -15 -97.16161 -1.56053 -199.56 2.955
8912.34 2 0 -15 -97.48682 -1.95993 -238.625 2.737
8932.31 2 0 -15 -91.86932 -1.82206 -214.889 2.560
8952.32 2 0 -15 -89.76678 -2.21535 -212.929 2.353
8972.33 2 0 -15 -86.72334 -2.45784 -152.278 2.183
8992.32 2 0 -15 -94.87107 -1.75206 -235.276 2.029
9012.33 2 0 -15 -97.42952 -1.37916 -248.276 1.973
9032.31 2 0 -15 -88.55291 -1.26972 -246.785 1.893
9052.31 2 0 -15 -88.51874 -1.75204 -278.813 1.796
9072.32 2 0 -15 -88.11042 -2.08085 -246.266 1.764
9092.29 2 0 -15 -92.94882 -2.45153 -257.127 1.755
9112.30 2 0 -15 -84.90073 -2.17824 -159.448 1.806
9132.29 2 0 -15 -82.51531 -3.00208 -242.417 1.837
9152.29 2 0 -15 -85.95309 -3.28409 -298.715 1.877
9172.31 2 0 -15 -87.31319 -3.34833 -332.143 1.883
9192.34 2 0 -15 -84.44117 -3.33648 -245.918 2.004
9212.30 2 0 -15 -78.71641 -3.01712 -247.856 2.176
9232.31 2 0 -15 -85.55501 -2.89363 -381.82 2.390
9252.33 2 0 -15 -86.58186 -3.00072 -331.805 2.553
9272.33 2 0 -15 -87.72823 -2.75334 -282.4 2.756
9292.35 2 0 -15 -87.29765 -2.03146 -314.83 2.959
9312.33 2 0 -15 -90.43449 -1.28672 -398.058 3.133
9332.31 2 0 -15 -84.59453 -1.29736 -312.817 3.390
9352.33 2 0 -15 -86.46942 -1.63596 -267.242 3.559
9372.35 2 0 -15 -90.77961 -1.13348 -255.144 3.770
9392.11 2 0 -15 -84.78584 -0.86113 -191.652 3.946
9412.33 2 0 -15 -87.70686 -1.30184 -271.453 4.107
9432.31 2 0 -15 -90.16855 -2.28465 -298.622 4.267
9452.34 2 0 -15 -92.86457 -2.05552 -258.124 4.463
9472.36 2 0 -11.97 -87.90126 -1.33135 -176.796 4.708
9492.34 2 0 0 -71.98663 -1.57051 -86.0175 4.869
9512.30 2 0 0 -74.57687 -2.77348 -182.269 5.015
9532.33 2 0 0 -68.65153 -2.48888 -88.0291 5.170
9552.30 2 0 0 -76.17915 -1.27875 -82.8588 5.219
9572.35 2 0 0 -81.66596 -1.76075 -258.307 5.351
9592.32 2 0 0 -80.95683 -1.99065 -298.606 5.459
9612.33 2 0 0 -74.84189 -1.95637 -205.271 5.458
9632.29 2 0 0 -76.69845 -2.26995 -160.345 5.489
9652.30 2 0 0 -76.23087 -2.07540 -168.981 5.524
9672.35 2 0 0 -71.32691 -1.72637 -125.509 5.546
9692.29 2 0 0 -67.64928 -1.61738 -105.641 5.541
9712.30 2 0 0 -71.10581 -1.55960 -102.633 5.433
9732.30 2 0 0 -76.67645 -1.41787 -102.974 5.405
9752.33 2 0 0 -75.28594 -1.12083 -75.5958 5.375
9772.32 2 0 0 -71.41497 -0.60138 -107.38 5.282
9792.32 2 0 -0.09 -75.55367 -0.71011 -167.606 5.196
9812.34 2 0 0 -79.45982 -0.79296 -166.442 5.075
9832.31 2 0 0 -76.60088 -0.17196 -101.739 4.993
9852.33 2 0 0 -68.29074 0.19110 -86.7686 4.910
9872.31 2 0 0 -69.84660 -0.15808 -137.825 4.738
9892.29 2 0 0 -70.95745 -0.79646 -139.302 4.518
9912.30 2 0 0 -74.88303 -0.79353 -168.607 4.327
9932.31 2 0 0 -73.03782 -0.25240 -162.783 4.138
9952.29 2 0 0 -73.57095 -0.62037 -239.983 3.936
9972.46 2 0 0 -71.39428 -1.65511 -133.984 3.747
9992.42 2 0 0 -69.58797 -1.75697 -178.48 3.472
10012.40 2 0 0 -70.71693 -1.83394 -169.427 3.263
10032.35 2 0 0 -65.38573 -1.67484 -105.682 3.065
10052.30 2 0 0 -61.77496 -1.39758 -99.2245 2.853
10072.31 2 0 0 -62.58147 -1.24914 -177.084 2.608
10092.33 2 0 0 -63.29211 -1.22252 -169.91 2.404
10112.31 2 0 0 -68.34195 -0.84122 -219.079 2.248
10132.30 2 0 0 -67.59418 -0.49303 -181.164 2.079
10152.33 2 0 0 -65.04363 -0.43930 -199.242 1.943
10172.10 2 0 0 -63.41959 -0.56868 -222.92 1.803
10192.31 2 0 0 -64.35500 -0.80283 -188.694 1.672
10212.29 2 0 0 -66.55037 -0.77198 -196.167 1.596
10232.29 2 0 0 -59.42915 -0.49524 -156.744 1.506
10252.33 2 0 0 -53.59599 -0.78234 -143.855 1.401
10272.29 2 0 0 -51.96309 -1.57131 -139.489 1.313
10292.32 2 0 0 -60.22057 -1.61016 -193.554 1.265
10312.29 2 0 0 -56.24289 -1.24048 -104.881 1.279
10332.29 2 0 0 -50.34383 -1.24335 -97.7418 1.280
10352.30 2 0 0 -50.46474 -1.28121 -184.486 1.336
10372.29 2 0 0 -54.19715 -1.69923 -222.906 1.337
10392.32 2 0 0 -49.41009 -1.32028 -126.134 1.439
10412.34 2 0 0 -46.57991 -0.73613 -130.07 1.637
10432.32 2 0 0 -41.88664 -0.50590 -151.665 1.786
10452.31 2 0 0 -46.40806 -0.98965 -222.412 1.968
10472.33 2 0 0.09 -48.53625 -1.03738 -206.362 2.103
10492.32 2 0 0 -52.39596 -0.33080 -214.715 2.372
10512.31 2 0 0 -51.45022 -0.08699 -238.297 2.638
10532.29 2 0 0 -52.73290 -0.36489 -318.854 2.850
10552.30 2 0 0 -54.57603 -0.63247 -269.267 3.059
10572.09 2 0 0 -56.42220 -0.50944 -208.007 3.324
10592.34 2 0 0 -55.61007 -0.27217 -146.617 3.632
10612.30 2 0 0 -48.14383 -0.67221 -100.19 3.950
10632.30 2 0 0 -51.19372 -1.10258 -181.217 4.263
10652.29 2 0 0 -56.84416 -1.22233 -195.443 4.589
10672.30 2 0 0 -60.50482 -0.94080 -160.972 4.946
10692.34 2 0 0 -48.66078 -0.13562 -70.524 5.290
10712.35 2 0 0 -43.72900 0.07893 -129.57 5.633
10732.34 2 0 0 -48.03023 -0.50483 -180.063 5.919
10752.30 2 0 0 -48.50383 -0.37580 -126.67 6.179
10772.30 2 0 0 -46.34537 -0.02012 -102.063 6.470
10792.32 2 0 0 -41.61621 0.09547 -112.023 6.767
10812.30 2 0 0 -48.00719 0.25368 -273.705 6.956
10832.32 2 0 -0.09 -47.75463 -0.00822 -252.417 7.173
10852.32 2 0 0 -57.25760 0.07841 -281.25 7.390
10872.31 2 0 0 -63.09732 0.93682 -273.483 7.616
10892.30 2 0 0 -51.17747 1.69118 -217.932 7.793
10912.34 2 0 0 -47.90122 0.40531 -153.414 7.836
10932.34 2 0 0 -56.03360 0.09467 -184.814 7.899
10952.09 2 0 0 -60.36121 0.52201 -180.384 7.871
10972.33 2 0 0 -55.60703 0.52779 -67.5807 7.968
10992.32 2 0 0 -54.17356 0.35222 -142.341 7.972
11012.34 2 0 0 -57.76146 0.24002 -214.572 7.953
11032.31 2 0 0 -59.43876 0.47799 -187.256 7.875
11052.32 2 0 0 -59.02267 0.53374 -120.345 7.791
11072.34 2 0 0 -50.57599 0.72987 -54.3128 7.640
11092.30 2 0 0 -47.63688 1.16631 -77.9323 7.499
11112.31 2 0 0 -51.24650 1.03324 -93.3882 7.268
11132.30 2 0 0 -57.19735 0.71694 -96.8405 6.997
11152.33 2 0 0 -63.40049 0.95472 -136.46 6.716
11172.31 2 0 0.09 -60.39555 1.24733 -107.655 6.393
11192.30 2 0 0 -59.69024 1.38141 -106.122 6.046
11212.33 2 0 0 -59.71702 0.82154 -127.934 5.668
11232.32 2 0 -0.09 -58.83234 0.46262 -52.9555 5.279
11252.33 2 0 0 -55.60457 0.86391 -2.61314 4.915
11272.33 2 0 0 -56.26347 1.04468 -70.0622 4.566
11292.32 2 0 -0.09 -61.56447 0.91438 -178.26 4.178
11312.47 2 0 0 -56.43703 0.49698 -51.6924 3.804
11332.43 2 0 0 -56.01293 0.78880 -97.0963 3.331
11352.37 2 0 0 -55.34247 -0.05704 -111.338 2.988
11372.34 2 0 0 -59.64542 0.16179 -159.467 2.572
11392.29 2 0 0 -50.40652 0.71528 -100.036 2.268
11412.33 2 0 0 -48.60292 0.03677 -163.211 1.999
11432.34 2 0 0 -49.62004 -0.48118 -222.979 1.725
11452.33 2 0 0 -40.02079 0.10327 -124.754 1.505
11472.32 2 0 0 -40.28024 0.24234 -125.934 1.375
11492.34 2 0 0 -37.44540 0.32052 -78.9829 1.251
11512.34 2 0 0 -37.73425 0.26200 -162.946 1.148
11532.30 2 0 -0.27 -44.22495 0.01166 -248.754 1.124
11552.30 2 0 0 -42.68532 0.03317 -174.942 1.208
11572.28 2 0 -0.09 -46.69347 -0.27487 -203.744 1.229
11592.30 2 0 0 -36.43052 0.12019 -94.0482 1.310
11612.33 2 0 0 -33.35305 0.57805 -133.645 1.476
11632.29 2 0 0.09 -38.50815 -0.38580 -230.212 1.644
11652.31 2 0 0.09 -38.86361 -0.91872 -171.195 1.831
11672.35 2 0 0 -35.54533 -0.58581 -117.992 2.114
11692.33 2 0 0 -25.34462 0.01895 -43.0848 2.407
11712.35 2 0 0 -20.81424 0.58511 -114.782 2.787
11732.33 2 0 0 -28.05825 0.53982 -298.975 3.150
11752.29 2 0 0 -29.45017 -0.28679 -228.084 3.505
11772.33 2 0 0 -41.98930 0.61896 -300.532 3.898
11792.34 2 0 0 -41.62907 1.39074 -237.368 4.307
11812.34 2 0 0 -31.16493 0.66531 -121.696 4.754
11832.30 2 0 0 -37.65533 -0.15796 -207.245 5.171
11852.32 2 0 0 -44.52255 -0.02675 -167.199 5.638
11872.33 2 0 0 -47.06999 0.54864 -105.463 6.155
11892.33 2 0 0 -43.03447 0.96715 -90.671 6.604
11912.31 2 0 -0.09 -34.86398 0.87440 -104.481 7.067
11932.29 2 0 0 -40.53218 0.38973 -222.29 7.440
11952.35 2 0 0 -26.26669 0.15615 -57.438 7.857
11972.30 2 0 0 -25.79102 1.23340 -19.5023 8.222
11992.32 2 0 0 -37.96786 1.40180 -159.349 8.601
12012.32 2 0 0 -41.47432 0.83348 -297.788 8.902
12032.33 2 0 0 -43.78360 0.33327 -306.194 9.225
12052.30 2 0 0 -42.90652 0.72577 -212.734 9.501
12072.31 2 0 0 -49.06976 0.67661 -146.173 9.743
12092.32 2 0 0 -44.60782 1.01221 -25.4108 9.970
12112.29 2 0 0 -40.07990 1.75127 -54.6846 10.147
12132.33 2 0 0 -57.01684 1.98842 -302.845 10.352
12152.29 2 0 0 -60.74963 1.81679 -273.896 10.407
12172.29 2 0 0 -54.12998 1.16449 -85.9188 10.452
12192.30 2 0 0 -41.69595 0.96420 -23.7466 10.454
12212.29 2 0 0 -38.75286 1.75604 6.06317 10.450
12232.35 2 0 0 -43.91452 1.50104 -148.214 10.456
12252.30 2 0 0 -53.48174 -0.02692 -193.474 10.331
12272.30 2 0 0 -62.47937 0.30261 -167.474 10.220
12292.29 2 0 0 -46.11262 3.19807 144.232 10.066
12312.33 2 0 0 -59.55310 3.87793 -199.705 9.929
12332.29 2 0 0 -58.12930 1.92487 -189.889 9.782
12352.31 2 0 0 -64.23398 0.77408 -273.217 9.579
12372.34 2 0 0 -58.34039 1.13723 -168.034 9.390
12392.29 2 0 0 -49.34707 0.44239 -54.0212 9.140
12412.33 2 0 0 -42.49548 -0.23113 56.0322 8.907
12432.33 2 0 0 -41.07454 -0.64619 -12.6488 8.718
12452.34 2 0 0 -46.95250 0.10128 -126.487 8.458
12472.33 2 0 0 -48.39505 -0.24499 -122.449 8.233
12492.30 2 0 0 -58.08375 -1.21994 -182.909 7.964
12512.34 2 0 0 -56.84888 -1.55307 -99.6609 7.675
12532.33 2 0 0 -48.36047 -0.50460 -48.5062 7.404
12552.30 2 0 0 -40.93563 0.58309 -9.28119 7.133
12572.32 2 0 0 -49.35823 -0.42352 -135.219 6.765
12592.31 2 0 0 -56.79560 -0.87124 -132.645 6.387
12612.30 2 0 0 -52.03966 0.24063 -67.7932 6.011
12632.33 2 0 0 -52.92292 1.57833 -172.282 5.630
12652.31 2 0 0 -53.97472 1.26418 -159.844 5.267
12672.42 2 0 0 -48.16802 0.99503 -151.749 4.914
12692.42 2 0 0 -49.02090 1.41005 -199.335 4.585
12712.35 2 0 0 -48.29348 1.22755 -87.0059 4.242
12732.32 2 0 0 -42.68991 1.13783 -10.5123 3.921
12752.30 2 0 0 -47.97663 1.32082 -127.143 3.610
12772.30 2 0 0 -53.50816 1.51707 -220.734 3.261
12792.30 2 0 0 -47.67603 1.03648 -160.528 2.959
12812.31 2 0 0 -47.27788 -0.07873 -103.47 2.716
12832.30 2 0 0 -54.24038 -0.51196 -120.629 2.510
12852.34 2 0 0 -47.96485 1.02440 -62.9758 2.365
12872.31 2 0 0 -37.96330 0.98919 -35.6079 2.235
12892.31 2 0 0 -41.03399 0.03354 -109.96 2.102
12912.34 2 0 0 -30.76237 0.18140 1.65436 1.928
12932.32 2 0 0 -35.36068 0.76528 -60.5135 1.860
12952.29 2 0 0 -28.86666 1.31309 -32.2606 1.828
12972.29 2 0 0 -28.97908 0.97629 -137.54 1.826
12992.31 2 0 0 -45.09401 1.17166 -357.419 1.851
13012.31 2 0 0 -41.39468 1.57125 -287.556 1.830
13032.29 2 0 0 -46.03204 1.62566 -244.076 1.913
13052.34 2 0 0 -38.98751 0.13597 -156.339 2.051
13072.32 2 0 -0.09 -24.65952 1.13114 -64.1639 2.175
13092.31 2 0 0 -31.64894 0.87995 -165.444 2.258
13112.32 2 0 0 -37.88502 -1.13367 -153.376 2.372
13132.32 2 0 0 -41.60941 -1.80152 -207.911 2.474
13152.34 2 0 0 -23.34345 -0.21501 37.1654 2.684
13172.29 2 0 -0.09 -11.42009 0.44527 83.652 2.902
13192.29 2 0 0 -29.44355 1.20640 -208.99 3.009
13212.30 2 0 0 -33.70124 -0.58925 -220.439 3.125
13232.33 2 0 0 -32.25522 -0.56323 -236.883 3.256
13252.32 2 0 0 -51.94715 1.30352 -327.503 3.379
13272.29 2 0 0 -38.13490 0.90911 -128.778 3.529
13292.32 2 0 0 -27.61756 -0.96217 -113.861 3.644
13312.29 2 0 0 -30.94867 -0.97817 -99.5905 3.758
13332.34 2 0 0 -40.96892 -0.75137 -129.214 3.870
13352.30 2 0 0 -45.66906 -1.07418 -28.5147 4.006
13372.31 2 0 0 -34.22759 -0.65721 -34.4079 4.119
13392.31 2 0 0 -33.78854 -0.21275 -168.275 4.281
13412.34 2 0 0 -33.84093 -0.74864 -185.929 4.381
